-1803 -2855 -2244; -77 -45 -45
-1804 -2892 -2285; -118 -55 -54
-1783 -2907 -2287; -192 -61 -65
-1787 -2940 -2307; -281 -68 -75
-1806 -2962 -2343; -342 -75 -85
-1833 -2981 -2297; -343 -80 -90
-1837 -3015 -2329; -321 -84 -93
-1838 -3000 -2343; -299 -88 -95
-1812 -2991 -2355; -259 -91 -95
-1790 -3004 -2334; -210 -93 -95
-1809 -2993 -2353; -168 -95 -95
-1795 -2968 -2386; -149 -99 -94
-1789 -2949 -2359; -119 -101 -93
-1768 -2985 -2359; -86 -102 -90
-1776 -2988 -2352; -71 -103 -88
-1743 -2951 -2337; -94 -104 -85
-1730 -2959 -2366; -162 -103 -86
-1756 -2936 -2375; -232 -104 -83
-1787 -2898 -2414; -269 -103 -80
-1827 -2906 -2441; -254 -99 -78
-1740 -2897 -2409; -57 -89 -69
-1727 -2894 -2419; 4 -85 -69
-1704 -2880 -2411; 53 -84 -64
-1723 -2840 -2410; 78 -80 -59
-1739 -2788 -2366; 79 -74 -59
-1709 -2718 -2326; 68 -72 -59
-1693 -2700 -2278; 62 -69 -57
-1656 -2662 -2270; 29 -65 -59
-1651 -2627 -2301; -25 -61 -61
-1632 -2587 -2287; -52 -56 -63
-1662 -2634 -2328; -49 -47 -68
-1686 -2652 -2322; -37 -46 -70
-1710 -2665 -2329; -24 -43 -71
-1674 -2704 -2347; 4 -38 -74
-1668 -2711 -2303; 28 -37 -70
-1669 -2729 -2323; 26 -35 -68
-1669 -2739 -2325; 7 -34 -67
-1688 -2728 -2336; -15 -35 -62
-1689 -2728 -2376; -29 -35 -59
-1717 -2734 -2367; -17 -36 -56
-1701 -2756 -2390; -7 -38 -50
-1721 -2775 -2390; 2 -42 -46
-1709 -2764 -2385; 9 -46 -38
-1714 -2726 -2411; 16 -50 -34
-1754 -2730 -2398; 33 -54 -28
-1755 -2736 -2406; 44 -57 -22
-1743 -2735 -2387; 46 -63 -17
-1745 -2744 -2381; 38 -67 -12
-1766 -2757 -2377; 29 -72 -6
-1771 -2759 -2386; 17 -78 -1
-1744 -2775 -2376; 4 -81 4
-1767 -2757 -2342; -10 -83 12
-1767 -2715 -2361; -36 -83 16
-1753 -2711 -2366; -44 -86 20
-1763 -2676 -2358; -30 -85 27
-1795 -2684 -2377; -34 -82 28
-1803 -2690 -2373; -37 -82 32
-1830 -2685 -2346; -25 -79 37
-1813 -2707 -2352; -38 -74 38
-1800 -2669 -2375; -69 -71 40
-1804 -2635 -2409; -95 -67 43
-1783 -2658 -2408; -102 -64 43
-1789 -2665 -2429; -107 -61 42
-1802 -2650 -2470; -93 -58 44
-1827 -2668 -2471; -47 -54 44
-1834 -2685 -2513; 24 -52 46
-1817 -2689 -2506; 88 -50 48
-1805 -2691 -2517; 121 -52 48
-1813 -2691 -2505; 129 -52 48
-1802 -2661 -2512; 127 -55 50
-1823 -2654 -2496; 117 -57 48
-1862 -2620 -2456; 98 -60 48
-1881 -2617 -2488; 74 -61 44
-1898 -2659 -2435; 103 -63 41
-1883 -2653 -2443; 129 -59 37
-1870 -2638 -2420; 135 -58 32
-1845 -2593 -2421; 142 -57 27
-1844 -2590 -2466; 161 -51 22
-1836 -2614 -2391; 176 -48 14
-1863 -2603 -2409; 164 -46 5
-1836 -2592 -2414; 138 -45 -4
-1835 -2619 -2369; 124 -44 -13
-1829 -2611 -2391; 106 -38 -21
-1848 -2606 -2406; 80 -35 -31
-1848 -2613 -2404; 72 -36 -38
-1882 -2619 -2405; 71 -33 -44
-1858 -2615 -2424; 74 -32 -55
-1833 -2629 -2416; 90 -31 -63
-1828 -2614 -2416; 90 -28 -70
-1802 -2611 -2398; 95 -29 -79
-1789 -2621 -2408; 96 -30 -85
-1804 -2626 -2417; 86 -29 -93
-1783 -2638 -2421; 68 -30 -101
-1806 -2619 -2383; 41 -30 -107
-1798 -2653 -2409; 13 -29 -114
-1821 -2664 -2373; 22 -31 -117
-1798 -2631 -2358; 46 -30 -122
-1758 -2675 -2364; 84 -23 -127
-1764 -2696 -2345; 114 -17 -129
-1776 -2760 -2358; 96 -13 -129
-1797 -2817 -2354; 74 -10 -130
-1808 -2763 -2352; 69 -1 -133
-1724 -2776 -2250; 131 10 -132
-1689 -2807 -2180; 206 19 -133
-1683 -2827 -2266; 215 35 -136
-1691 -2858 -2356; 182 49 -142
-1685 -2890 -2449; 150 58 -149
-1629 -2992 -2506; 159 66 -158
-1582 -2952 -2566; 193 76 -168
-1564 -2800 -2508; 219 85 -180
-1590 -2834 -2429; 227 98 -200
-1580 -2838 -2320; 171 104 -227
-1590 -2914 -2464; 64 119 -257
-1682 -2987 -2564; 4 139 -285
-1713 -2997 -2521; 13 153 -318
-1753 -3046 -2489; 31 170 -354
-1679 -2990 -2501; 42 189 -394
-1568 -2976 -2477; 95 211 -432
-1526 -2952 -2482; 179 233 -471
-1503 -2942 -2428; 216 256 -517
-1575 -2879 -2424; 185 276 -561
-1548 -2791 -2456; 91 294 -604
-1475 -2804 -2426; 5 313 -648
-1294 -2814 -2393; -64 329 -687
-1206 -2868 -2419; -166 347 -724
-1237 -2903 -2429; -272 364 -758
-1305 -2892 -2460; -305 382 -784
-1229 -2941 -2512; -294 397 -806
-1328 -3047 -2512; -304 407 -820
-1257 -3059 -2569; -220 417 -826
-1419 -3261 -2674; -214 418 -832
-885 -3234 -2497; -200 410 -830
-735 -3006 -2813; -132 409 -812
-955 -3063 -2771; -65 398 -803
-952 -3312 -2542; 197 368 -790
-813 -3240 -2727; 372 366 -757
-787 -3272 -2571; 375 340 -737
-844 -3172 -2244; 353 298 -711
-1134 -3255 -2471; 102 265 -645
-1111 -3270 -2476; -32 230 -613
-970 -3369 -2714; -64 217 -569
-739 -3352 -2682; -37 187 -535
-489 -2897 -2575; -25 153 -488
-469 -2758 -2542; 18 134 -445
-453 -2893 -2409; 64 106 -420
-591 -2835 -2520; -125 78 -386
-771 -2987 -2775; -442 54 -354
-882 -3365 -2820; -671 18 -331
-816 -3357 -2821; -707 -7 -286
-757 -3126 -2810; -575 -26 -231
-636 -3099 -2626; -339 -49 -196
-486 -3002 -2635; -109 -63 -155
-475 -3019 -2841; 1 -73 -112
-590 -3151 -2913; 5 -96 -86
-621 -2997 -2937; 11 -116 -47
-661 -2931 -2890; 78 -129 -10
-732 -3015 -2685; 140 -146 16
-728 -2921 -2540; 141 -161 47
-739 -2833 -2558; 192 -162 74
-805 -2844 -2605; 326 -161 90
-849 -2664 -2565; 497 -160 112
-875 -2551 -2506; 693 -152 125
-784 -2556 -2360; 914 -142 129
-653 -2499 -2182; 1051 -128 130
-667 -2422 -2053; 1041 -110 124
-857 -2425 -2004; 921 -88 112
-970 -2386 -1951; 773 -65 94
-945 -2470 -1967; 659 -37 74
-869 -2539 -1990; 602 -9 56
-766 -2645 -1983; 572 23 42
-721 -2833 -2006; 526 52 24
-802 -2961 -2093; 423 77 13
-907 -3015 -2226; 315 97 9
-879 -3082 -2273; 286 116 6
-746 -3148 -2277; 288 129 7
-701 -3134 -2319; 232 140 11
-750 -3221 -2356; 113 148 15
-881 -3164 -2500; -18 151 20
-916 -3109 -2474; -117 153 27
-666 -3108 -2533; -129 153 28
-528 -3082 -2528; -57 154 35
-672 -3105 -2621; -10 160 39
-813 -3191 -2596; 16 161 34
-835 -3107 -2630; 63 159 38
-779 -3186 -2583; 169 162 38
-730 -3216 -2597; 250 167 32
-741 -3191 -2708; 343 174 31
-774 -3230 -2614; 523 184 29
-742 -3260 -2405; 627 190 21
-748 -3189 -2426; 516 188 11
-706 -3206 -2619; 350 193 -7
-598 -3260 -2737; 287 201 -20
-457 -3261 -2629; 240 197 -36
-322 -3306 -2584; 148 195 -59
-304 -3162 -2594; 48 198 -78
-304 -3098 -2566; -41 197 -104
-340 -3013 -2613; -96 198 -136
-346 -2996 -2700; -78 203 -168
-228 -3020 -2622; 24 209 -204
-149 -3060 -2622; 106 218 -243
-162 -3126 -2601; 83 225 -283
-113 -3152 -2607; -42 229 -324
-33 -3134 -2702; -221 234 -366
43 -3164 -2711; -343 240 -408
-26 -3124 -2779; -384 251 -445
-63 -3179 -2778; -366 261 -482
-75 -3159 -2801; -319 273 -520
10 -3194 -2865; -282 282 -558
97 -3297 -2967; -261 296 -594
153 -3336 -2972; -267 302 -627
201 -3350 -2972; -297 308 -661
260 -3374 -2976; -381 317 -698
367 -3372 -2984; -472 322 -728
489 -3444 -3004; -536 325 -754
633 -3529 -3075; -565 332 -778
612 -3546 -3173; -562 340 -798
619 -3554 -3188; -495 347 -816
691 -3544 -3132; -375 350 -833
763 -3468 -3034; -245 354 -845
773 -3369 -2970; -138 358 -858
743 -3286 -2905; -67 365 -880
749 -3202 -2790; -13 372 -899
827 -3121 -2686; -11 379 -916
897 -3127 -2621; -83 391 -939
835 -3049 -2650; -228 404 -962
846 -3007 -2643; -358 416 -982
837 -3038 -2706; -407 431 -1000
841 -3054 -2751; -382 449 -1012
828 -3111 -2766; -326 465 -1022
894 -3129 -2764; -268 476 -1031
925 -3130 -2776; -200 486 -1033
884 -3133 -2772; -156 498 -1033
842 -3113 -2752; -169 503 -1034
861 -3090 -2737; -229 510 -1032
860 -3076 -2743; -284 516 -1028
894 -3115 -2784; -321 527 -1022
932 -3134 -2807; -344 538 -1015
931 -3126 -2837; -345 549 -1003
982 -3093 -2824; -310 561 -987
1036 -3079 -2832; -264 570 -975
1130 -3025 -2849; -227 581 -962
1180 -2964 -2821; -191 591 -949
1213 -2910 -2807; -145 603 -935
1255 -2861 -2751; -101 612 -922
1299 -2761 -2672; -77 623 -911
1300 -2718 -2682; -74 636 -904
1351 -2610 -2643; -68 646 -893
1455 -2525 -2612; -64 657 -888
1487 -2486 -2637; -64 671 -885
1458 -2394 -2627; -66 683 -878
1534 -2378 -2591; -54 692 -874
1591 -2339 -2571; -48 700 -869
1673 -2290 -2589; -79 707 -864
1737 -2262 -2605; -108 711 -859
1745 -2236 -2588; -123 717 -851
1735 -2200 -2574; -126 717 -840
1717 -2185 -2538; -103 716 -829
1746 -2188 -2523; -35 715 -814
1764 -2191 -2525; 57 708 -795
1829 -2160 -2517; 152 697 -774
1856 -2118 -2498; 254 678 -752
1896 -2077 -2474; 368 652 -724
1926 -2078 -2383; 459 623 -696
1901 -2093 -2384; 519 593 -661
1793 -2126 -2321; 573 551 -621
1751 -2222 -2101; 648 506 -571
1825 -2305 -2139; 734 462 -511
1788 -2495 -2196; 776 408 -442
1731 -2758 -2347; 802 347 -363
1809 -2854 -2410; 852 279 -260
1931 -3119 -2378; 972 194 -146
2174 -3475 -2558; 1073 113 -15
2204 -3552 -2710; 1095 27 160
1983 -3508 -2371; 1131 -89 358
1912 -3425 -1990; 1185 -186 535
2018 -3964 -2301; 1200 -225 664
2043 -4296 -2428; 1245 -285 836
2067 -4207 -2142; 1403 -384 1083
2054 -4683 -2336; 1691 -444 1313
1935 -5097 -2412; 2187 -485 1548
1968 -4970 -2271; 2912 -530 1833
2273 -4855 -2223; 3667 -537 2113
2489 -4787 -1909; 4239 -508 2380
2378 -4635 -1707; 4562 -450 2665
2257 -4889 -1522; 4695 -364 2934
2260 -5252 -1377; 4864 -260 3183
2231 -5385 -1310; 5265 -112 3442
2217 -5501 -1402; 5890 81 3688
2253 -5799 -1227; 6680 316 3900
2332 -5851 -1073; 7457 607 4095
2321 -5964 -642; 8159 951 4244
2142 -6070 72; 8742 1335 4327
1720 -5914 783; 9137 1760 4347
992 -6217 1728; 9234 2197 4292
384 -7000 2680; 8401 2587 4166
526 -7242 4407; 6341 2887 4032
376 -7008 4921; 4835 3192 3991
-287 -5739 4636; 4690 3504 3983
-1200 -5533 4895; 5977 3793 3845
-2077 -5173 4281; 8329 4221 3610
-2695 -4147 3969; 10814 4729 3246
-3015 -3249 4633; 12363 5164 2669
-3020 -2291 4367; 12623 5554 1963
-2979 -1727 3904; 11696 5820 1213
-3229 -1188 4062; 10052 5904 497
-3332 -387 3489; 8323 5928 -122
-3271 518 2851; 7123 5910 -646
-2810 1174 3276; 6972 5825 -1137
-2445 1575 3817; 7581 5714 -1655
-2472 1983 3406; 8332 5559 -2211
-2569 2274 2190; 8793 5317 -2785
-2373 1804 1138; 8812 4965 -3372
-2030 1492 389; 8399 4533 -3902
-1515 1635 57; 7799 4044 -4325
-776 1246 -272; 7374 3548 -4692
-169 621 -581; 7336 3040 -5010
233 -95 -1452; 7500 2502 -5244
962 461 -1746; 7786 1929 -5420
1420 723 -1730; 8617 1289 -5557
1552 732 -2164; 9844 599 -5637
2030 1333 -2130; 11166 -186 -5626
2361 3011 -423; 12754 -1120 -5442
2652 2255 -535; 14772 -2083 -5117
2662 -1194 -1756; 16933 -2958 -4725
2110 -1684 -1267; 18753 -3901 -3823
1652 -1470 -528; 19782 -4708 -2570
1658 -3143 783; 19684 -5239 -1317
1768 -3757 160; 18610 -5403 37
1442 -3412 -645; 17679 -5223 1355
558 -1494 68; 16776 -4928 2604
4 -998 410; 14894 -4464 3590
-172 -1510 245; 11410 -3955 4237
-751 -704 437; 6521 -3647 4702
-1272 -109 519; 1586 -3590 4881
-1094 1090 146; -1704 -3717 4822
-511 2911 864; -1833 -3904 4747
179 2059 350; 495 -3947 4674
916 796 638; 2083 -3868 4645
1166 -171 296; 2479 -3760 4745
1615 278 -738; 2659 -3620 4878
2062 68 -1168; 2960 -3503 4996
2547 881 -1154; 3567 -3352 5178
3066 1542 -1191; 4291 -3136 5397
3908 1679 -1131; 4958 -2867 5628
4694 2267 -1429; 5209 -2556 5873
6109 2010 -867; 5450 -2219 6077
6831 1454 188; 5588 -1865 6289
7226 1505 880; 5136 -1473 6510
7572 1896 1200; 4559 -1070 6711
7880 1736 1540; 4165 -686 6881
8456 1190 1840; 3804 -286 7037
9141 560 1890; 3349 126 7207
9890 -138 2454; 3017 499 7363
10597 -579 3101; 2974 863 7514
11068 -626 3249; 3058 1294 7673
11362 -936 3154; 3289 1772 7781
11429 -1115 3596; 3910 2264 7854
11817 -383 4277; 4831 2861 7896
11913 -409 4270; 5594 3547 7812
11888 -995 5152; 6445 4269 7573
11831 -1288 6030; 7816 5077 7242
12446 -1166 6554; 9345 5978 6747
13436 -563 7058; 10628 6851 6009
14251 -905 8013; 11979 7688 4986
14937 -2248 9269; 13340 8484 3729
14632 -1571 8253; 13847 9196 2396
14377 -2069 8807; 14657 9574 828
15067 -750 9758; 16374 9563 -915
14361 1913 7529; 18317 9330 -2755
13100 4132 6086; 19740 8520 -4744
11348 6896 5121; 20094 7080 -6551
9069 7883 3404; 18888 5312 -8028
6977 7599 3672; 15417 3360 -9026
5816 8167 3690; 10337 1727 -9521
5315 6776 1801; 7460 699 -9819
3453 2677 -141; 8625 -207 -9955
2928 379 1819; 12335 -1480 -9790
3046 -240 2928; 15118 -3059 -9245
2978 -613 1251; 13632 -4587 -8454
2792 -1040 1250; 10046 -5822 -7624
3196 -2200 622; 7287 -6615 -6888
4215 -2217 -149; 6002 -7093 -6232
4876 -184 -1008; 5558 -7491 -5538
5290 697 -1562; 6076 -7814 -4858
5965 -165 -1569; 7963 -8102 -4110
6494 -731 -1436; 10742 -8435 -3069
7304 -1183 -498; 13793 -8638 -1584
7298 -2333 60; 16343 -8638 178
6769 -3519 2679; 18027 -8382 2081
5097 -3712 5008; 18999 -7629 4052
3407 -4146 5392; 19298 -6314 5825
2439 -4613 6434; 19083 -4707 7261
2419 -4979 6989; 18485 -2913 8297
3220 -6111 5986; 16989 -989 8870
4081 -6499 3957; 13994 751 9120
4560 -5715 1912; 9449 1963 9170
4877 -4269 -574; 4420 2582 9130
4478 -1464 -3378; 459 2724 9190
3603 1962 -5109; -1385 2490 9308
3253 3085 -4744; -742 2174 9331
3287 3921 -1433; 1357 2061 9272
3570 4041 851; 2661 2205 9157
3385 2850 -971; 2981 2476 8947
4938 1933 -1433; 3369 2758 8725
5029 1959 -708; 3830 3051 8551
5326 1480 -767; 4035 3435 8360
6241 4 -951; 3765 3808 8101
7655 -1296 1093; 3096 4068 7882
9767 -17 829; 2284 4331 7779
9735 1278 403; 2244 4630 7662
10077 -67 2501; 3398 4949 7454
10742 -487 3717; 4223 5390 7246
11604 -462 4734; 4140 5884 6984
12866 -1088 5725; 4478 6395 6656
13848 -1103 6587; 5628 6971 6290
14856 -709 7229; 7136 7637 5786
16078 -704 7401; 8491 8369 5040
16973 -162 7927; 9500 9035 4117
17624 1042 8557; 10362 9584 3030
18172 1812 9192; 11559 10005 1689
19124 1806 11779; 12784 10222 136
19022 2412 12715; 13015 10284 -1450
18298 3165 13142; 12720 10120 -3058
18020 2963 15262; 13713 9592 -4673
16843 4416 12420; 15268 8840 -6259
15283 6717 8235; 17562 7675 -7869
14018 9067 6308; 21854 5733 -9350
13685 8676 3394; 25683 2951 -10505
12576 5214 774; 25797 -372 -10861
10669 4168 -974; 20690 -3496 -10218
8652 3726 -522; 13401 -5732 -9319
7054 1857 763; 8987 -7027 -8593
6161 371 1556; 8588 -7776 -7750
7054 -1640 3206; 10628 -8510 -6715
7164 -3404 2736; 12140 -9206 -5393
6245 -2488 1480; 10562 -9682 -3895
5776 -1466 2645; 7305 -10090 -2706
5374 -676 1624; 4889 -10215 -1927
5786 -67 -988; 4025 -10085 -1316
6183 526 -984; 5100 -10092 -710
5986 121 191; 8123 -10007 129
6655 -1169 182; 11929 -9652 1352
6940 -1572 1666; 15236 -9068 3046
6886 -746 2042; 17268 -8122 4940
6303 -420 4552; 17989 -6886 6614
5463 719 7274; 17760 -5324 7970
4555 1032 7050; 17416 -3365 8858
3688 -973 7564; 17840 -1293 9313
4047 -288 7496; 17459 753 9492
4825 -1200 5784; 16403 2772 9200
4892 -1920 4230; 14309 4467 8631
4468 -1475 3085; 10549 5616 8023
4219 -1556 236; 5544 6286 7480
3548 149 -4017; 894 6496 7267
2304 3029 -7521; -1480 6286 7382
2404 3001 -7371; -377 5987 7446
3170 2036 -5382; 2007 5895 7341
3914 2613 -4003; 2247 5922 7165
4068 5098 -421; 1247 5904 6972
4415 3144 341; 1350 5918 6757
6258 1376 740; 2003 6067 6539
6972 1583 1041; 2489 6226 6339
7142 1310 1563; 3122 6487 6066
7955 -245 2694; 4102 6845 5653
9604 631 3710; 4164 7223 5258
10444 1937 4339; 3728 7595 4913
11682 1992 4536; 4934 7954 4451
12007 2511 5324; 6899 8435 3826
12405 2890 6116; 7790 8939 2972
12964 3310 7799; 7968 9305 1964
13695 4126 9055; 8748 9635 904
15094 4066 9976; 10437 9888 -344
17390 5632 9691; 11961 9939 -1776
19016 6870 8922; 13513 9694 -3365
20414 7175 8902; 14963 8999 -5078
19989 9352 11894; 15220 7853 -6685
19117 9124 10158; 14778 6702 -8262
17152 6867 10030; 16465 5283 -9647
15478 8951 7066; 19476 3222 -10442
15655 7760 1295; 22282 757 -10922
14493 5964 -1386; 23991 -2194 -10695
11813 5550 -3417; 23027 -5112 -9401
8901 4902 -4789; 18918 -7384 -7789
8115 4133 -1803; 14096 -9053 -6284
7530 3076 270; 11574 -9974 -4877
7555 1219 66; 11587 -10354 -3507
7557 -361 1083; 12283 -10648 -1934
7893 -676 1129; 11346 -10736 -342
7505 -50 1227; 9252 -10582 983
6498 1485 2992; 7776 -10379 2099
5977 1429 3413; 7182 -10043 2983
6026 134 1675; 7049 -9542 3762
6146 544 -7; 6890 -9042 4548
5833 759 98; 7511 -8509 5278
5570 128 2034; 9551 -7818 6057
5432 733 3777; 12051 -6832 7006
4828 1762 3977; 14500 -5378 8016
4483 1779 4048; 16018 -3593 8816
4030 3024 5072; 16488 -1773 9341
3259 5747 6302; 16854 126 9567
2388 7386 5190; 17872 2161 9217
2163 3462 8391; 19501 4170 8334
3347 3786 6607; 19460 6105 7164
3750 2062 4518; 17762 7618 5624
3675 723 4308; 15086 8495 4029
3092 268 2856; 11408 9000 2710
2624 -1649 607; 7145 9219 1671
2422 -2663 -2855; 2879 9213 1116
1990 -2262 -7381; -107 9149 1069
2095 -2465 -8460; -78 8982 1181
2652 -2305 -6918; 1658 8777 1179
3172 -1623 -5889; 2529 8661 1027
3572 -102 -4875; 2091 8527 823
2631 3655 -583; 1472 8349 647
4684 1707 -241; 1737 8339 356
6343 1173 -3; 1967 8344 92
7277 1524 -158; 2103 8344 -144
7381 1227 637; 3335 8430 -543
8185 508 1511; 4750 8483 -1125
9098 2851 2496; 5059 8436 -1626
10508 4560 2920; 5482 8383 -2186
11196 3482 1616; 5937 8363 -3048
11399 5586 1924; 6003 8175 -3823
11675 7788 2646; 6348 7900 -4585
12356 8679 2620; 7433 7563 -5540
13827 10704 2699; 9422 7001 -6504
15430 11619 5102; 11705 6157 -7548
18751 12333 866; 13037 4976 -8674
19927 12513 -1395; 14581 3400 -9529
18596 15975 4195; 16797 1292 -9988
17342 14373 4712; 17217 -867 -10430
16016 7300 3737; 18812 -2907 -10576
14863 6500 -249; 22159 -5108 -9368
13761 2191 -4016; 22956 -7271 -7476
11561 -1203 -5773; 20483 -9065 -5336
10213 1224 -8112; 15755 -10036 -2990
9750 3968 -9197; 10750 -10491 -1273
8778 3793 -4938; 8707 -10857 -200
7324 2323 -1715; 10886 -10784 1043
5255 1162 1155; 12935 -10347 2575
5170 1547 3247; 12463 -9827 4103
6047 1316 783; 10979 -8973 5409
6036 -475 -484; 9609 -8080 6353
5216 -85 1249; 8225 -7411 7154
4596 1426 1133; 7385 -6651 7853
4543 377 504; 7083 -5814 8316
4699 -347 430; 6862 -5041 8665
4659 1090 148; 7508 -4179 9043
4037 755 310; 9756 -3094 9323
4141 -984 2419; 13449 -1627 9455
4457 1510 4083; 17281 304 9734
4931 4731 3579; 20113 2677 9606
5015 3644 4830; 21438 4960 8494
3747 6243 2135; 20815 6925 6964
2341 8137 1858; 20498 8376 5074
1952 8626 6701; 21568 9143 2767
3897 6676 4328; 20844 9582 196
5173 3148 3481; 18987 9374 -2240
5070 1489 3296; 15811 8651 -4125
3443 -391 2936; 10354 7857 -5469
2189 -3388 3000; 3536 7258 -6210
1149 -5688 -154; -1813 7169 -6266
1214 -7272 -3088; -2228 7431 -5903
1634 -7622 -2148; 875 7453 -5606
1823 -6150 -1149; 2108 7242 -5551
2423 -3627 -1886; 870 7097 -5564
2321 4445 -3673; -96 6999 -5487
5438 2072 590; 760 6848 -5641
7528 2715 481; 1582 6736 -5886
8332 2313 -1199; 2105 6666 -6092
8769 1484 725; 3963 6371 -6509
9689 2845 -143; 4729 5956 -7003
11417 4477 -2228; 4777 5575 -7455
12150 4666 -2182; 5322 5016 -8008
12500 5674 -2288; 5454 4317 -8585
13274 7007 -2910; 5337 3614 -9092
14150 8825 -3660; 5753 2857 -9566
15325 9599 -4440; 7211 1947 -10018
16596 9462 -4329; 9376 768 -10415
17900 10345 -5467; 11030 -673 -10626
20235 9991 -6376; 12436 -2318 -10577
22472 7632 -6520; 14172 -4128 -10167
21673 10043 -6367; 14855 -5957 -9200
20082 15324 -5862; 14733 -7631 -7928
18506 11260 -1315; 16034 -9215 -6824
15784 6992 -889; 19207 -10323 -5035
14705 4223 -5095; 22847 -10742 -2195
12473 -1069 -3331; 23978 -10907 951
8879 -5756 -408; 22196 -10313 3941
7626 -4971 -4807; 17452 -8849 6325
7979 -3131 -6140; 12203 -7608 7844
7790 -1141 -1161; 11108 -6708 8948
6509 -1228 1612; 12629 -5307 9803
5202 442 1744; 13085 -3546 10406
4641 3737 1627; 12425 -1905 10877
4561 3594 898; 11647 -293 10909
4263 2673 664; 10153 1118 10642
3953 3391 392; 7920 2226 10395
3765 1861 844; 6039 3042 9988
3949 -296 1676; 5833 3692 9532
3670 17 1347; 7116 4460 9132
4463 1780 1825; 9863 5427 8619
4914 2895 2453; 13791 6681 7765
5295 2348 2859; 16445 7989 6301
5481 2938 2295; 16752 9021 4472
4768 4346 -149; 15694 9666 2613
4040 4998 -1680; 15041 9857 714
3724 6202 -2479; 15361 9653 -1151
4064 5385 -2474; 16534 9127 -3048
5180 3779 -1706; 17714 8166 -4918
5917 2518 -987; 17624 6818 -6537
5999 1067 -672; 16123 5258 -7772
5531 -555 -48; 13233 3688 -8596
4662 -1518 229; 9175 2401 -9014
4054 -2988 1068; 4754 1545 -9178
3094 -5112 2497; 1249 1130 -9224
2678 -6714 2896; -32 1108 -9125
2726 -7737 2742; 1310 1165 -8943
3066 -7662 2806; 2630 1011 -8759
3504 -5308 -1139; 2204 757 -8611
3663 -2650 -2045; 871 577 -8476
5072 425 -1305; 185 424 -8381
6715 -15 -942; 762 298 -8354
6896 -522 -939; 2101 98 -8386
6721 663 -1230; 3357 -281 -8352
7921 1219 -2048; 3866 -795 -8314
8890 635 -2471; 4538 -1373 -8316
9566 17 -2890; 5320 -1968 -8253
9862 12 -4116; 5376 -2601 -8124
9953 1166 -4977; 4970 -3318 -7938
10315 2624 -6506; 5179 -4012 -7686
11373 3471 -8089; 6497 -4727 -7384
12157 4015 -8360; 8430 -5574 -6949
13935 3406 -9339; 9907 -6501 -6320
15694 1738 -9333; 11384 -7425 -5437
15612 1452 -9127; 13168 -8282 -4209
14411 3427 -9057; 14960 -8875 -2566
14532 5199 -12031; 16987 -9150 -623
14628 3343 -8901; 18331 -9460 1297
14387 2969 -5392; 19067 -9249 3316
12863 -384 -5204; 20298 -8014 5380
10559 -4268 -458; 20362 -6563 7162
7978 -6010 1706; 18156 -4838 8543
6301 -8537 -1327; 14741 -2871 9336
4370 -6611 -2245; 11973 -1349 9875
2636 -4321 129; 11881 1340 10065
3181 -2662 1582; 12083 2764 9802
4412 -1597 1694; 11237 4102 9337
4556 -1330 803; 10223 5271 8623
4428 1 137; 9395 6225 7947
3817 602 -328; 7886 6933 7196
3683 -65 -63; 6143 7394 6406
3354 102 846; 5293 7735 5801
2964 728 726; 5285 8029 5203
2924 1227 589; 6080 8333 4530
2838 1240 1223; 7531 8622 3728
2809 1543 2261; 8984 8838 2719
3010 2423 2709; 10226 9032 1575
4094 3397 2244; 11444 9144 275
5232 4144 649; 12597 9034 -1174
5714 4229 -1164; 13426 8650 -2691
5159 4644 -2834; 14009 7958 -4152
4455 4791 -3715; 14743 6965 -5511
4117 4335 -3738; 15643 5697 -6733
4192 3373 -3015; 16027 4147 -7728
4172 2382 -2115; 15362 2463 -8413
3988 1317 -1622; 13715 866 -8746
3418 134 -345; 11188 -551 -8819
2450 -887 1279; 7852 -1665 -8747
1634 -1431 2863; 4269 -2349 -8635
1565 -2293 4368; 1633 -2663 -8563
2017 -3208 5092; 446 -2704 -8518
2832 -3715 4503; 633 -2640 -8425
3125 -3512 3346; 836 -2616 -8294
3574 -3862 -1550; -15 -2617 -8187
3738 -1890 -1549; -660 -2632 -8085
5672 -1085 -600; -32 -2682 -7981
5756 -1914 -1220; 1616 -2749 -7911
5805 -1622 -958; 2962 -3025 -7763
6848 -600 -1068; 3237 -3467 -7530
8019 -167 -2171; 2921 -3899 -7363
8587 1881 -3373; 2737 -4312 -7211
10409 752 -4056; 3551 -4652 -7093
11102 -1296 -3671; 5155 -5187 -6893
11123 -767 -4302; 5467 -5864 -6470
11213 299 -5950; 5009 -6468 -6020
11608 633 -7356; 5349 -7061 -5611
13164 392 -7947; 6666 -7672 -5026
14030 647 -8440; 7937 -8308 -4256
15140 421 -9046; 9187 -8901 -3304
16517 -92 -9581; 10621 -9388 -2152
18306 -877 -9737; 12073 -9726 -771
19380 -2167 -9491; 13668 -9778 873
19173 -369 -12330; 14667 -9490 2680
17318 1282 -11946; 15840 -9037 4474
15659 1751 -7980; 18406 -8240 6329
14652 1112 -4417; 21431 -6578 8158
13079 -915 223; 22746 -4273 9623
11543 -2619 4695; 21008 -1777 10429
10459 -6887 4868; 16533 621 10434
9260 -8273 2249; 11285 2425 10146
7247 -3807 -523; 8005 3580 10048
5506 -2804 319; 8811 4533 9663
4197 -1488 2139; 11188 5657 8970
3618 -633 2625; 11989 6895 8083
3383 -108 2411; 10628 7861 6905
3403 623 857; 8535 8531 5827
2186 1431 -1379; 7141 9011 4889
1457 684 -1201; 6588 9250 3954
1521 482 -524; 5951 9372 3104
1628 763 -877; 5193 9450 2332
2201 1569 -961; 5175 9457 1630
3068 2298 -478; 6123 9394 865
3711 3492 -283; 8017 9281 -73
4946 4023 134; 10367 9130 -1207
6264 3226 -85; 12131 8723 -2628
6686 2734 -460; 12773 8028 -4069
6017 2440 -2937; 12779 7209 -5339
4806 1383 -4413; 13234 6135 -6480
3940 1376 -4606; 14301 4760 -7386
3803 1863 -4270; 15229 3191 -8053
4488 1796 -3166; 15688 1478 -8479
5107 1786 -1590; 15377 -287 -8580
5060 1168 -264; 14071 -1921 -8412
4428 -242 815; 11500 -3252 -8067
3266 -1165 2256; 7555 -4242 -7668
1977 -1375 3585; 2975 -4792 -7403
1378 -1406 4510; -456 -4903 -7335
1634 -2429 5040; -1327 -4763 -7370
1260 -5397 824; -178 -4561 -7355
2210 -3621 2410; 1823 -4532 -7160
3988 -3301 1954; 2581 -4705 -6900
4509 -2727 45; 2125 -4878 -6699
5175 -1567 -741; 2277 -5084 -6435
5945 -1579 -312; 3000 -5367 -6158
6331 -1538 486; 3602 -5726 -5871
7035 -1252 181; 3931 -6043 -5541
7892 -2004 -839; 4475 -6355 -5185
8752 -2558 -1453; 4820 -6772 -4740
9575 -2252 -2688; 4528 -7198 -4219
10402 -2182 -3351; 4207 -7588 -3738
10851 -2245 -3524; 4244 -7976 -3249
11222 -2167 -4307; 4624 -8325 -2673
11614 -2700 -5400; 5409 -8643 -2027
12296 -3762 -6105; 6537 -8946 -1260
13020 -4303 -6838; 7819 -9173 -302
14057 -4075 -7661; 9070 -9277 845
15593 -3918 -7712; 10488 -9225 2128
17333 -3639 -7404; 11713 -8974 3494
18698 -4689 -5741; 12702 -8432 4854
17786 -4244 -6281; 13798 -7487 6204
16701 -5163 -9353; 15072 -6257 7532
14550 -583 -6233; 17115 -4933 8966
11239 -138 -2536; 19803 -2994 9986
10311 -4267 1399; 21537 -489 10286
10188 -3648 5032; 20199 1989 10252
9370 -4206 6317; 16773 4156 9630
7772 -4467 5464; 13049 5794 8642
5448 -1728 3542; 10805 7017 7826
4175 -1146 3652; 11103 8029 6888
3422 -677 4734; 11988 8856 5636
2761 1317 2616; 11802 9601 4311
3113 519 916; 10859 10090 2862
3568 -141 934; 9041 10184 1511
4092 831 649; 6567 10170 482
4407 855 1318; 4634 10052 -320
4805 1019 1568; 3929 9875 -946
5162 949 1005; 4258 9755 -1516
5572 1055 632; 5063 9607 -2167
5890 1830 -392; 5866 9339 -2870
5988 2600 -1688; 7031 8966 -3657
6007 2709 -2302; 8819 8432 -4595
5998 3339 -2912; 10526 7634 -5586
5815 3274 -2274; 12094 6508 -6612
5370 3177 -2570; 13367 5221 -7620
4985 2092 -4810; 14628 3814 -8476
4663 1454 -4821; 16015 2034 -8995
4801 1299 -3932; 16986 4 -9117
5239 85 -3239; 17285 -1994 -8901
5362 -216 -2224; 16641 -3858 -8254
5377 -125 -984; 14805 -5457 -7303
5162 -908 256; 11944 -6657 -6361
4344 -5199 3596; 8603 -7443 -5467
3395 1183 4087; 5671 -7809 -4363
2930 -2990 6870; 2141 -8115 -4282
3339 577 5432; 342 -7963 -4023
3747 1468 5395; 389 -7847 -3833
4194 -2924 6112; 881 -7854 -4056
4666 -942 4181; 838 -7690 -3848
5096 -403 1049; 521 -7642 -3608
6869 -571 592; 649 -7697 -3651
7641 388 -923; 852 -7662 -3535
7757 654 -742; 1373 -7785 -3321
8818 -1114 -1233; 1992 -7949 -3191
9916 -1421 -1933; 2362 -8069 -2952
10872 -1542 -1743; 2927 -8321 -2586
11999 -2298 -2397; 3604 -8558 -2187
13098 -2718 -3394; 3929 -8737 -1727
13676 -2268 -3131; 3841 -8995 -1198
13584 -1743 -3200; 3800 -9212 -658
13656 -2691 -4049; 4075 -9333 -153
13359 -2583 -4026; 4485 -9458 429
13028 -2884 -3790; 5384 -9492 1102
12820 -3728 -4190; 6655 -9379 1868
12927 -4134 -4198; 7856 -9173 2780
14160 -4746 -4417; 8661 -8823 3765
14824 -5156 -6553; 9043 -8306 4673
15075 -6670 -9191; 10780 -7644 5662
15177 -3726 -6761; 14124 -6866 7026
13402 -2503 -3131; 18333 -5392 8296
10610 -6880 -4204; 22965 -3056 9251
7593 -2527 -232; 26167 -262 10053
5647 -3456 2412; 27259 2753 9824
5409 -6148 4371; 25945 5531 8349
5669 -1268 4912; 22406 7590 6688
4897 1299 5100; 19035 8875 4743
4311 1711 6117; 16370 9467 2623
3146 5450 3730; 13829 9736 863
1708 6504 683; 12322 9715 -767
856 2852 118; 12054 9346 -2418
2223 1841 -1553; 11319 8771 -3796
3567 1385 -1778; 10146 8065 -4924
3809 1452 -423; 8550 7217 -5858
4069 1853 -11; 6060 6462 -6498
3757 1917 559; 3705 5866 -6915
3135 1869 1451; 2534 5430 -7184
2862 2648 433; 2488 5169 -7380
2689 3142 -341; 3554 4843 -7601
2997 3329 73; 5884 4284 -7883
3600 3256 -544; 8522 3505 -8216
4356 3004 -1577; 10409 2484 -8581
5222 2040 -1957; 11664 1212 -8840
5772 1338 -2142; 12449 -213 -8874
5759 512 -2655; 12879 -1643 -8684
5210 -459 -2955; 13291 -3051 -8260
4761 -695 -2635; 13710 -4406 -7557
4663 -935 -1611; 13859 -5665 -6629
4583 -1353 -643; 13308 -6727 -5564
4359 -1112 -470; 11838 -7520 -4443
4126 -348 -116; 9832 -8069 -3396
4056 406 1186; 7632 -8450 -2530
4054 1080 2295; 5254 -8669 -1899
4218 1640 2859; 2988 -8759 -1517
4687 1864 3332; 1479 -8785 -1334
4731 -1556 3306; 1322 -8745 -1232
5726 -1649 2043; 2554 -8645 -939
7721 -2365 1182; 2427 -8638 -619
7725 -1765 309; 2660 -8649 -264
8462 -1256 -158; 4487 -8588 318
8864 -465 1198; 6156 -8556 1074
9728 -2211 2270; 6800 -8482 1825
10629 -4531 1756; 6391 -8302 2586
11342 -4575 953; 5328 -8101 3447
12121 -4878 445; 4578 -7916 4211
12696 -5310 -380; 4441 -7694 4884
12862 -5277 -868; 4550 -7427 5599
13378 -5473 -694; 4993 -7100 6318
13850 -5889 -17; 5854 -6693 7037
14426 -6015 336; 6835 -6127 7781
15082 -6201 320; 8067 -5327 8536
15886 -7056 -53; 9662 -4298 9269
17159 -7421 931; 10885 -3042 9906
17491 -6607 1601; 11942 -1575 10369
17867 -8794 1069; 12999 114 10560
19316 -10322 1783; 13084 1800 10619
18041 -5768 743; 12308 3342 10642
15264 -5653 -560; 13121 4906 10067
9998 -3173 371; 16458 6578 9073
4226 -112 3924; 21504 8367 7577
4440 -2551 9454; 24733 9961 4912
7053 -43 7927; 21491 10778 1966
9161 4041 4453; 16052 10892 -409
8451 4974 4378; 14289 10446 -2451
7301 4839 2809; 13374 9711 -4293
5462 3137 -1137; 11144 8842 -5856
4469 521 -1408; 9956 7789 -7038
4039 -1736 -3877; 9920 6700 -7890
4256 -4136 -5611; 9923 5578 -8613
3603 -2983 -2088; 9494 4195 -9071
1957 -730 342; 7407 2917 -9264
1275 -934 -1381; 4682 2122 -9489
1664 513 -2786; 3363 1529 -9528
2844 3622 -1698; 4348 899 -9412
3719 5627 -1440; 7330 132 -9339
5406 4046 -2479; 11131 -926 -9271
6891 930 -2552; 14098 -2392 -9083
7516 -335 -1856; 15255 -4067 -8342
7001 -1037 -1185; 14758 -5560 -7285
6002 -2723 -527; 13742 -6756 -6143
5187 -4175 -120; 13431 -7628 -4822
4520 -3967 1561; 14176 -8242 -3318
3999 -3322 2190; 15403 -8622 -1608
4533 -2932 2465; 15708 -8672 138
4706 -1872 1285; 12941 -8006 3261
4536 -1338 1332; 10307 -7529 4373
4331 198 1450; 6993 -7122 5133
4117 2821 1492; 3601 -6844 5573
4161 4981 2228; 944 -6770 5673
4406 6052 2869; -40 -6772 5569
4756 5269 3537; 506 -6716 5437
4890 3624 4207; 1377 -6597 5363
5185 328 5500; 1532 -6421 5374
5638 930 2474; 1625 -6192 5477
6795 813 1480; 2269 -5985 5613
6841 -398 1441; 3201 -5793 5785
7520 -69 1040; 4188 -5479 6125
8226 -1257 896; 4942 -5068 6516
9263 -2839 1228; 5313 -4661 6907
10547 -2880 1715; 5430 -4205 7365
11230 -2700 2103; 5349 -3702 7806
11300 -2101 2195; 5254 -3159 8189
10827 -2356 2375; 5346 -2566 8537
10604 -3124 2732; 5588 -1915 8834
10684 -3921 3346; 6373 -1187 9089
11015 -4775 3843; 7811 -266 9308
11998 -5454 4441; 9346 862 9414
13082 -5691 5211; 10771 2124 9356
14461 -6141 6417; 12076 3466 9046
15273 -6462 8820; 13399 4887 8501
16290 -5776 9606; 14388 6469 7782
13923 -5493 5168; 14616 7925 6684
9562 -5027 5185; 16741 9047 5125
7168 -1209 7755; 20997 9964 3155
6341 2244 9949; 23351 10378 592
5703 1976 10990; 21719 9948 -2238
7205 4195 7708; 16958 9075 -4587
8864 6553 4937; 14018 8077 -6202
8872 6960 3357; 14723 6800 -7466
8370 4252 717; 14937 5272 -8687
5659 93 -1517; 13464 3558 -9515
3828 -3558 -803; 12814 1854 -9874
3532 -4241 201; 13772 214 -9882
2012 -2400 375; 12963 -1424 -9516
862 -1578 406; 9491 -2825 -9105
1293 -827 161; 6135 -3795 -8729
2181 105 -927; 4906 -4380 -8316
3228 787 -2048; 4892 -4875 -7936
3883 2150 -2506; 5362 -5393 -7503
4381 2730 -2659; 6873 -5908 -6914
4909 1086 -2222; 8884 -6544 -6262
5068 -1582 -471; 10279 -7300 -5464
5708 -2783 -600; 10917 -7877 -4342
5877 -2900 -1112; 11670 -8246 -3049
5281 -3071 378; 13459 -8554 -1619
4050 -3731 2178; 15800 -8609 39
2940 -4820 2956; 17298 -8271 1850
2672 -4431 3268; 17341 -7590 3683
2770 -3524 2654; 16150 -6632 5293
2941 -3147 1586; 14201 -5545 6493
2858 -2514 978; 11995 -4509 7364
2745 -1391 148; 9740 -3585 7976
2718 56 -587; 7259 -2849 8341
2801 1936 -1281; 4563 -2378 8532
2598 3880 -2147; 2322 -2138 8586
2577 5487 -2365; 1199 -2084 8548
2777 5308 -1186; 1305 -2072 8470
2900 3463 2018; 1792 -1978 8365
4061 538 1891; 1911 -1766 8325
6743 -402 146; 1747 -1551 8391
7498 -486 104; 1386 -1434 8463
8485 -2014 211; 1975 -1204 8607
9799 -1146 -1144; 2958 -802 8840
10664 -883 -1473; 3978 -416 9076
12090 -1713 2382; 6073 39 9247
13232 -1287 4607; 8078 960 9495
13620 -1288 4307; 8084 2169 9629
13219 -2177 5018; 6623 3157 9590
13420 -2345 5827; 5888 4072 9547
14185 -1617 6964; 6850 5096 9435
15306 -1094 9573; 8917 6222 9063
16598 -1269 10637; 10980 7564 8336
18904 -302 10675; 12444 8977 7232
20157 286 11548; 13744 10174 5738
21183 -1117 13583; 15329 11124 3878
19986 -3133 11972; 14944 11868 1833
17607 -3569 5937; 14227 12247 -348
15149 69 5371; 17455 12028 -2537
12839 3745 5351; 20559 11026 -4844
11799 4790 7336; 19696 9136 -7334
12461 5850 5073; 15840 7085 -9244
12656 6288 2292; 14190 5309 -10298
11632 5122 3100; 15317 3178 -10905
10880 1755 1364; 14008 965 -11267
10017 1362 -1645; 11132 -816 -11145
8496 1434 -1901; 9768 -2333 -10583
7808 -4640 1639; 10057 -3811 -10129
5493 -12131 3380; 10556 -5106 -9548
3401 -11163 2561; 11671 -6085 -8350
-158 -4202 2044; 11011 -7022 -6797
-434 -535 -219; 7101 -7793 -5721
2666 -102 -2766; 4971 -8150 -5197
4006 -34 -2405; 6739 -8414 -4412
4654 -1830 -2540; 9112 -8728 -3451
5045 -3999 -2644; 10229 -8972 -2356
4995 -3438 -2012; 10748 -9130 -965
4274 -2133 -856; 10867 -9148 456
3455 -1725 146; 10367 -8982 1727
3387 -1467 1081; 9905 -8643 2867
4004 -1316 2070; 10498 -8133 3989
4351 -1552 2823; 11889 -7399 5128
4397 -2534 2061; 13402 -6396 6258
4609 -3960 935; 14372 -5183 7339
5819 -3435 -513; 13941 -3855 8254
6321 -1727 -1934; 12172 -2570 8927
5274 -429 -1772; 9505 -1502 9282
4212 -567 -2010; 6610 -730 9393
5308 755 -2385; 3757 -243 9454
6337 2052 -836; 2135 -22 9501
6474 2472 -433; 2274 200 9495
6981 3084 -285; 3180 602 9501
7153 3734 -438; 4190 1082 9514
7572 2646 -305; 5056 1655 9421
8122 1659 152; 5508 2347 9279
9120 2065 857; 5440 3106 9183
10300 1826 3123; 5105 3808 9021
11388 1174 5307; 4981 4518 8793
12238 842 6010; 4971 5335 8550
12843 201 6707; 4939 6152 8228
13639 123 7685; 5139 6960 7833
14470 971 8347; 5771 7811 7367
15005 1665 10080; 6885 8685 6730
16257 1721 12380; 8327 9597 5839
17988 2763 13056; 9466 10531 4700
19704 3731 13036; 10403 11366 3305
21114 3416 13029; 11693 11938 1619
23189 1771 13226; 13147 12151 -332
24752 1439 15700; 14258 11941 -2367
24011 3398 13493; 13491 11603 -4395
19487 551 7421; 13435 11029 -6498
16617 4523 6205; 17690 9637 -8329
14788 9469 2093; 21740 7412 -9942
12352 5755 2996; 19478 947 -12245
10891 859 -195; 16755 -1683 -12122
9604 416 -1218; 14349 -3946 -11312
9227 1975 -2352; 12203 -5829 -10207
9938 617 -2056; 10713 -7174 -9148
9735 -6067 4365; 11237 -8381 -8013
8794 -7748 8855; 12324 -9419 -6590
6359 -6203 6998; 12285 -9856 -4818
2849 -3462 5767; 10386 -10107 -3129
2994 -1751 3439; 7508 -10329 -1911
4378 -809 599; 6569 -10196 -1001
4837 -910 -608; 8221 -9955 6
5039 -2039 -726; 10129 -9765 1140
5356 -2644 863; 11189 -9500 2436
5628 -1469 2718; 11548 -9013 3842
5738 -953 3428; 11544 -8249 5067
5697 -260 3944; 11751 -7317 6120
5161 920 5023; 12854 -6229 7129
4421 1088 5475; 14388 -4860 8012
4492 709 4827; 15141 -3246 8676
4902 667 4232; 14650 -1576 9106
5089 251 3242; 13680 16 9246
4871 -326 2162; 12147 1423 9150
4704 -500 928; 9904 2561 8897
4119 270 -1194; 7198 3372 8597
3846 1779 -4233; 4773 3896 8333
3649 3426 -5854; 3411 4151 8113
3976 4012 -5798; 3278 4278 7880
4506 4144 -5305; 3737 4451 7612
4801 3892 -4784; 3966 4670 7306
5014 3993 -3287; 3710 4841 6995
5256 4077 -818; 3201 4999 6685
4846 2529 -1129; 3148 5189 6362
5452 1696 -1271; 3773 5441 6075
5500 2139 -344; 4132 5664 5788
5145 2003 129; 4188 5900 5407
5109 1357 1148; 4144 6198 5038
6016 1202 3045; 3853 6401 4697
7055 1143 3575; 3970 6640 4322
7443 949 3897; 4817 7014 3935
7780 1492 4877; 5443 7315 3487
7971 1497 5677; 5943 7627 2915
8247 1689 6136; 6782 7992 2283
8916 2661 7060; 7762 8275 1554
9856 3068 7606; 8698 8507 668
10614 3738 7777; 9592 8658 -352
11316 4554 8415; 10370 8609 -1439
11941 5368 9899; 10378 8374 -2583
12174 6685 9897; 10303 8113 -3732
12321 6366 8387; 11789 7787 -4910
11622 7865 7743; 14032 7044 -6099
11310 9713 6622; 15909 5877 -7280
10612 9722 4912; 17512 4382 -8391
9142 9691 3047; 18408 2493 -9176
7732 9145 1239; 18208 416 -9507
7269 8278 -610; 16986 -1621 -9433
7540 7086 -1597; 15709 -3477 -8989
7764 4897 -1903; 14987 -5071 -8230
7649 3097 -1673; 14209 -6433 -7218
7190 1870 -1149; 13350 -7518 -6013
6611 520 -1353; 12749 -8307 -4738
5643 -315 -1748; 11884 -8831 -3409
4947 -251 -468; 10462 -9148 -2123
4599 -211 2277; 9672 -9368 -971
4134 -158 3124; 9719 -9323 154
3065 -1121 2021; 9143 -9035 1218
1802 -723 2168; 7307 -8808 2134
1602 25 1418; 5276 -8572 2810
1832 364 -330; 4400 -8244 3270
2437 979 -285; 4889 -7962 3711
2935 1096 694; 6227 -7641 4228
3514 1154 1876; 7645 -7167 4820
3730 1652 3411; 8461 -6585 5467
3514 2298 4327; 8643 -5889 6054
2783 3372 4312; 8594 -5099 6553
1818 5040 4122; 8709 -4287 6970
1117 6051 4628; 9502 -3428 7272
818 6394 4624; 11074 -2410 7486
615 6305 4260; 12870 -1205 7624
674 5581 3931; 14196 101 7599
936 4561 3412; 14754 1442 7367
1105 3416 2798; 14813 2732 6926
1217 2476 2264; 14503 3896 6317
1219 1719 1823; 13584 4861 5578
1250 692 1003; 11980 5611 4760
1336 156 -97; 9802 6131 3996
1593 -73 -1509; 7339 6439 3360
1976 -33 -2820; 5068 6580 2875
2304 285 -3848; 3436 6618 2545
2597 637 -4385; 2619 6605 2304
2793 950 -4359; 2531 6561 2094
2954 992 -4118; 3019 6532 1865
3074 1051 -3695; 3711 6518 1590
3259 947 -3197; 4213 6499 1258
3364 883 -2734; 4352 6474 903
3512 618 -2321; 4109 6436 553
3637 242 -1827; 3556 6376 226
3786 1069 -881; 2894 6309 -28
4144 1098 87; 2444 6254 -251
4613 1310 565; 2302 6224 -472
5042 1923 1299; 2470 6204 -675
5558 1971 1460; 2941 6200 -932
6081 2187 1561; 3311 6190 -1210
6392 2056 1417; 3240 6156 -1513
6787 2063 1317; 2875 6109 -1819
6958 2580 1571; 2685 6054 -2073
7115 2864 2132; 2891 6000 -2339
7199 3230 2268; 3156 5952 -2633
7400 3530 2454; 3424 5880 -2950
7664 4162 2657; 4347 5646 -3649
7846 4754 2688; 4748 5461 -4048
7999 5375 2576; 5243 5239 -4457
8328 5914 2386; 5842 4955 -4893
8582 6453 2327; 6616 4593 -5343
8667 6719 2474; 7505 4128 -5811
8547 6855 2424; 8491 3557 -6278
8655 6827 2308; 9689 2875 -6715
8740 6672 1718; 10759 2058 -7085
8796 6503 1123; 11261 1116 -7356
8616 6662 780; 11384 95 -7486
8226 6972 32; 11308 -921 -7465
7403 7538 -835; 10807 -1900 -7320
6498 8366 -1415; 10257 -2826 -7059
5447 8610 -1792; 10195 -3679 -6717
4956 7946 -2850; 10948 -4485 -6286
4508 6303 -3069; 12705 -5290 -5665
3539 4480 -1937; 15114 -6133 -4728
2553 1934 -1268; 17297 -6879 -3440
1304 -1526 -1024; 18219 -7365 -1913
-516 -2825 -445; 17277 -7558 -220
-1231 -2271 204; 14600 -7470 1371
-448 -1575 398; 11033 -7213 2538
169 -661 158; 8368 -6866 3362
-38 -209 1455; 7607 -6498 4022
-128 -742 2588; 8076 -6075 4601
-355 -1853 1695; 8386 -5465 5168
-1004 -2324 620; 7463 -4860 5686
-1365 -2584 329; 5730 -4423 6076
-1162 -2437 -141; 4050 -4059 6322
-834 -1735 -438; 3027 -3766 6511
-341 -1104 118; 2825 -3563 6660
96 -743 248; 3188 -3299 6778
474 -199 587; 3816 -2958 6893
605 807 1695; 4544 -2597 7029
476 1469 2471; 5283 -2143 7134
241 1948 2400; 5877 -1578 7195
-169 2788 2273; 6263 -998 7240
-539 3524 1614; 6716 -383 7221
-612 4044 1259; 7535 279 7132
-267 4628 1354; 8853 1000 6991
282 4558 1501; 10491 1842 6740
645 4093 1708; 12025 2750 6344
863 3324 1717; 13150 3689 5793
1162 2556 1642; 13629 4563 5092
1567 1458 1498; 13438 5312 4250
1814 740 1386; 12868 5892 3362
2153 -353 838; 10445 6538 1631
2095 -749 500; 8743 6642 890
2054 -965 -19; 6865 6661 294
2037 -1321 -536; 4957 6613 -165
2058 -1741 -1163; 3220 6547 -473
2105 -1869 -2048; 1765 6486 -635
2123 -2144 -3071; 686 6411 -706
2017 -2055 -4076; 152 6339 -706
1817 -1903 -4332; 362 6256 -674
1878 -1783 -3892; 999 6156 -695
2081 -953 -3319; 1328 6062 -748
2216 2816 -1387; 1368 5968 -841
2851 1160 850; 1942 5888 -1094
3818 2980 606; 1210 5852 -1263
4681 3079 1020; 663 5871 -1413
5257 2834 871; 934 5903 -1604
6110 3042 1712; 1815 5944 -1835
6752 3523 3123; 2739 5981 -2155
7640 2958 3270; 2928 6042 -2558
8455 2801 1505; 2474 6115 -2879
9154 4445 1510; 1979 6059 -3077
9448 4640 2295; 1841 6011 -3413
9333 4801 2305; 2112 6060 -3807
9425 6040 2654; 2786 6036 -4121
9620 5701 2605; 3526 5959 -4560
9746 5664 2016; 4021 5830 -5067
10176 6538 1899; 4545 5592 -5502