-1308 -3472 -1381; -354 -105 -28
-1333 -3544 -1365; -354 -104 -47
-1317 -3541 -1386; -298 -104 -61
-1229 -3534 -1348; -266 -110 -76
-1144 -3609 -1404; -253 -112 -94
-1108 -3599 -1489; -254 -106 -107
-1189 -3560 -1496; -261 -107 -116
-1198 -3602 -1388; -267 -110 -129
-1244 -3580 -1406; -301 -112 -139
-1325 -3518 -1445; -427 -106 -144
-1243 -3578 -1487; -506 -99 -155
-1153 -3673 -1394; -456 -98 -168
-1131 -3637 -1442; -326 -99 -169
-1163 -3587 -1604; -191 -95 -169
-1232 -3642 -1636; -175 -94 -176
-1241 -3598 -1611; -356 -103 -184
-1138 -3503 -1613; -579 -113 -187
-1059 -3515 -1815; -658 -118 -193
-964 -3571 -2057; -653 -121 -196
-996 -3564 -1912; -672 -132 -200
-1140 -3528 -1793; -689 -140 -208
-1270 -3426 -1749; -612 -147 -213
-1268 -3375 -1819; -430 -146 -213
-1239 -3407 -1951; -230 -142 -219
-1181 -3543 -1907; -112 -146 -229
-1107 -3559 -1829; -98 -148 -235
-1094 -3571 -1681; -90 -148 -236
-1068 -3531 -1680; -1 -146 -238
-1102 -3509 -1674; 92 -136 -238
-1136 -3515 -1627; 47 -125 -238
-1160 -3570 -1625; -149 -117 -244
-1032 -3553 -1702; -116 -71 -243
-1019 -3577 -1723; 10 -59 -244
-1004 -3574 -1687; 38 -48 -241
-957 -3650 -1687; -15 -36 -236
-914 -3703 -1659; -82 -26 -235
-890 -3673 -1749; -114 -14 -227
-897 -3591 -1803; -112 -4 -215
-899 -3573 -1812; -90 2 -210
-865 -3561 -1805; -56 6 -203
-819 -3537 -1813; -44 12 -192
-798 -3619 -1829; -74 14 -186
-832 -3752 -1737; -135 12 -181
-875 -3675 -1859; -223 15 -171
-910 -3528 -1943; -207 24 -154
-910 -3515 -1809; 31 23 -140
-870 -3696 -1739; 228 18 -138
-797 -3700 -1791; 238 29 -127
-817 -3516 -1837; 180 34 -104
-853 -3498 -1803; 71 29 -95
-851 -3545 -1902; -84 26 -89
-890 -3678 -1625; -211 25 -70
-692 -3515 -2145; -431 18 -59
-701 -3579 -2169; -434 24 -48
-899 -3598 -1966; -9 18 -26
-951 -3593 -1899; 154 3 -22
-894 -3611 -1969; 144 2 -12
-828 -3520 -1898; 180 4 11
-855 -3522 -1895; 211 2 17
-912 -3574 -1752; 252 -2 27
-896 -3523 -1677; 199 -1 46
-862 -3618 -1667; 34 4 55
-885 -3635 -1748; -106 3 65
-978 -3492 -1843; -150 4 82
-1011 -3392 -2055; -121 7 96
-945 -3414 -2098; -37 5 99
-931 -3431 -1977; 68 -8 108
-940 -3459 -1920; 81 -13 112
-960 -3483 -1918; 79 -13 118
-1033 -3371 -1842; 117 -19 129
-1046 -3369 -1854; 123 -25 133
-1108 -3452 -2070; 123 -21 132
-1344 -3203 -2264; 300 -14 134
-1319 -3285 -1820; 841 -20 136
-1122 -3423 -1352; 1198 -31 130
-917 -3319 -1492; 746 -29 120
-847 -3266 -1758; 297 -13 116
-855 -3391 -1859; 130 -10 104
-837 -3424 -1786; 180 -28 89
-894 -3309 -1774; 226 -40 84
-907 -3318 -1920; 173 -40 71
-924 -3473 -1906; 120 -52 48
-877 -3436 -1844; 86 -73 39
-858 -3418 -1773; 9 -82 31
-915 -3478 -1756; -129 -85 16
-976 -3479 -1653; -274 -97 4
-1026 -3403 -1692; -388 -105 -1
-1051 -3481 -1820; -456 -99 -11
-1167 -3452 -1932; -510 -100 -20
-1317 -3334 -2041; -471 -106 -26
-1278 -3344 -2100; -264 -105 -36
-1211 -3438 -2018; 25 -99 -47
-1109 -3377 -1794; 254 -100 -50
-1018 -3506 -1536; 421 -99 -51
-1157 -3966 -1705; 397 -89 -52
-1145 -3759 -1662; 10 -68 -57
-1071 -3491 -1740; -177 -57 -37
-1005 -3589 -1629; -213 -56 -30
-891 -3789 -1911; -288 -39 -46
-1011 -3395 -1980; 1 -30 -9
-1011 -3596 -1985; 167 -23 -25
-1002 -3553 -1942; 273 -21 -27
-957 -3378 -1737; 307 -24 -8
-967 -3516 -1745; 254 -19 -17
-999 -3590 -1755; 146 -10 -25
-1035 -3421 -1622; 13 -9 -7
-987 -3474 -1734; -113 -4 -7
-983 -3633 -1935; -141 4 -22
-1025 -3432 -1946; -28 4 -10
-1073 -3333 -1841; 127 0 1
-1090 -3487 -1827; 210 4 -16
-1062 -3448 -1776; 203 2 -16
-1002 -3350 -1784; 109 -4 -5
-967 -3443 -1839; -15 -2 -14
-916 -3538 -1921; -110 -3 -18
-984 -3391 -1980; -154 -11 -5
-1092 -3439 -1899; -126 -15 -5
-1110 -3609 -1967; -60 -16 -10
-1212 -3499 -2044; 47 -19 -2
-1186 -3465 -1926; 185 -24 6
-1157 -3555 -1877; 274 -27 3
-1062 -3630 -1887; 281 -30 9
-1077 -3458 -1885; 226 -29 18
-1055 -3519 -1769; 153 -29 21
-1118 -3548 -1675; 66 -29 23
-1076 -3467 -1704; 24 -27 29
-1166 -3465 -1770; 72 -24 33
-1059 -3428 -1829; 154 -24 28
-987 -3538 -1756; 222 -25 32
-971 -3332 -1752; 238 -23 40
-1034 -3470 -1817; 173 -26 39
-971 -3622 -1759; 55 -30 34
-1013 -3455 -1669; -2 -34 41
-1110 -3210 -1577; 53 -37 47
-1106 -3506 -1530; 61 -32 42
-1060 -3376 -1665; -64 -28 41
-1114 -3372 -1889; -238 -24 44
-1459 -3301 -2012; -346 -24 37
-1182 -3293 -2150; -381 -28 33
-1251 -3262 -2256; -327 -28 29
-1004 -3355 -1800; 81 -36 18
-1016 -3382 -1496; 274 -40 19
-1140 -3289 -1832; -267 -12 7
-1155 -3364 -1805; -423 -4 6
-1129 -3369 -1773; -405 -3 1
-1157 -3506 -1794; -349 11 -5
-1163 -3550 -1895; -344 31 -5
-1217 -3368 -1914; -340 38 4
-1157 -3166 -1864; -306 47 6
-1158 -3387 -2017; -277 67 4
-1182 -3525 -2056; -220 77 7
-1052 -3325 -2177; -150 78 16
-1062 -3267 -2220; -88 84 21
-1213 -3290 -2462; -68 86 22
-1197 -3167 -2455; -88 74 24
-1084 -3017 -2364; -104 58 24
-1005 -3302 -2341; -54 48 20
-865 -3405 -2177; -2 36 11
-1057 -3251 -2371; 53 27 16
-1128 -3201 -2341; 80 13 19
-998 -3165 -2306; 69 -7 9
-1037 -3153 -2258; 55 -22 4
-915 -3416 -2167; 17 -41 3
-1122 -3204 -2291; -21 -48 0
-1062 -3172 -2119; -35 -61 -5
-1026 -3258 -2151; -58 -78 -8
-1131 -3135 -2165; -76 -82 -14
-1070 -3304 -2040; -81 -92 -26
-1091 -3136 -2107; -94 -99 -31
-1133 -3231 -2145; -139 -106 -36
-1137 -3188 -2280; -165 -105 -45
-1211 -3237 -2201; -144 -110 -52
-1298 -3141 -2161; -117 -121 -57
-1177 -3319 -2205; -113 -121 -64
-1316 -3184 -2240; -118 -122 -70
-1309 -3259 -2243; -119 -127 -72
-1156 -3230 -2156; -90 -132 -79
-1107 -3188 -2166; -83 -133 -86
-1059 -3376 -2161; -99 -133 -86
-1102 -3158 -2179; -121 -136 -91
-1118 -3221 -2130; -143 -136 -97
-1090 -3322 -2124; -162 -136 -98
-1235 -3276 -2135; -188 -133 -99
-1226 -3291 -2193; -190 -125 -104
-1320 -3224 -2227; -131 -119 -104
-1301 -3174 -2180; -29 -117 -102
-1114 -3305 -2178; 19 -112 -102
-1130 -3197 -2097; -31 -108 -104
-1148 -3250 -2158; -107 -99 -103
-1121 -3156 -2134; -162 -90 -102
-1099 -3175 -2232; -198 -85 -102
-1079 -3218 -2206; -207 -82 -107
-987 -3253 -2220; -181 -76 -107
-1099 -3101 -2237; -134 -68 -103
-1079 -3237 -2208; -100 -66 -101
-1151 -3129 -2169; -117 -64 -99
-1064 -3133 -2173; -165 -59 -95
-1055 -3246 -2256; -175 -56 -89
-1038 -3077 -2230; -154 -53 -85
-983 -3123 -2289; -130 -54 -80
-959 -3217 -2311; -109 -58 -75
-1014 -3226 -2309; -92 -65 -65
-1012 -3180 -2284; -84 -71 -57
-1136 -3219 -2314; -90 -82 -48
-1292 -3025 -2274; -97 -97 -37
-1098 -3231 -2260; -107 -112 -27
-1138 -3162 -2349; -154 -132 -19
-1068 -3490 -2403; -211 -162 -6
-1014 -3560 -2584; -210 -196 10
-1165 -3558 -2723; -147 -232 26
-1272 -3771 -2666; -74 -282 42
-1191 -3820 -2703; -47 -345 58
-1176 -3948 -2891; -35 -414 72
-876 -4355 -3068; -45 -496 81
-931 -4278 -3376; -84 -587 88
-886 -4407 -3542; -62 -680 93
-866 -4595 -3691; -2 -781 83
-1071 -4473 -3827; 132 -881 69
-906 -4810 -3954; 273 -988 42
-1049 -4835 -3998; 368 -1070 4
-996 -5167 -3875; 341 -1132 -55
-1051 -5243 -3534; 340 -1158 -124
-1461 -5230 -3009; 461 -1129 -201
-1669 -5069 -2227; 604 -1046 -306
-1682 -4941 -2193; 879 -880 -426
-1638 -4984 -1596; 1164 -668 -567
-1645 -4647 -1059; 1296 -419 -697
-1779 -3842 -710; 1254 -135 -829
-1290 -3665 -816; 1177 170 -1034
-1081 -3705 326; 1192 512 -1259
-876 -3327 -486; 1217 979 -1448
-616 -3116 -660; 1303 1366 -1675
-29 -2781 -153; 1405 1655 -1921
318 -2365 -564; 1349 1996 -2150
719 -2008 -1112; 978 2322 -2384
1061 -2331 -1232; 607 2561 -2634
1459 -2010 -1402; 507 2767 -2832
1794 -1819 -1860; 388 2949 -2997
2126 -2038 -1962; 225 3074 -3176
2152 -2178 -2060; 90 3163 -3323
2271 -2263 -2505; 24 3231 -3419
2246 -2398 -2400; -10 3241 -3497
1979 -2408 -2618; -185 3229 -3569
2219 -2367 -2703; -459 3208 -3613
2183 -1934 -2689; -853 3152 -3619
2245 -2130 -2870; -1268 3089 -3614
2287 -2229 -3171; -1305 3015 -3594
2196 -2037 -3146; -1076 2907 -3546
2010 -2066 -3191; -1069 2776 -3507
1761 -2203 -3565; -1311 2633 -3475
1671 -2582 -3518; -1419 2447 -3401
1411 -2189 -3168; -1396 2227 -3280
1264 -2460 -2933; -1436 2011 -3181
1111 -2631 -3081; -1503 1794 -3077
939 -2783 -2938; -1500 1549 -2929
692 -2783 -2912; -1347 1279 -2764
745 -2950 -2935; -1299 999 -2601
581 -3235 -2872; -1352 704 -2422
550 -3325 -2836; -1371 401 -2209
453 -3319 -2841; -1335 100 -1997
481 -3538 -2606; -1201 -214 -1784
421 -3352 -2345; -1010 -534 -1533
427 -3103 -2151; -871 -831 -1274
523 -3436 -2107; -707 -1117 -1040
718 -3315 -2016; -469 -1403 -772
737 -2897 -1992; -339 -1676 -481
1075 -3041 -2085; -327 -1925 -218
1334 -3145 -2148; -302 -2162 48
1484 -2867 -2025; -157 -2390 339
1656 -2938 -2039; 32 -2585 620
1712 -2907 -2195; 214 -2758 892
1932 -3003 -2219; 414 -2925 1175
2119 -2946 -2232; 627 -3077 1462
2351 -3188 -2443; 770 -3192 1736
2220 -3335 -2702; 937 -3281 2005
2645 -3308 -2826; 1094 -3365 2280
2811 -3229 -2903; 1245 -3431 2546
2860 -3412 -3076; 1471 -3452 2793
2891 -3203 -3128; 1634 -3460 3035
2637 -3095 -3024; 1636 -3458 3254
2672 -3463 -3173; 1507 -3441 3423
2681 -3267 -3415; 1464 -3430 3574
2991 -3250 -3646; 1476 -3410 3704
2927 -3198 -3839; 1472 -3357 3771
2379 -3437 -4151; 1652 -3290 3803
2003 -3264 -3556; 1966 -3250 3842
1524 -3242 -3174; 1984 -3185 3850
1145 -3604 -3347; 1742 -3076 3773
663 -3707 -3562; 1680 -2985 3676
486 -3453 -3696; 1702 -2922 3579
-230 -3063 -3559; 1686 -2852 3426
-628 -3036 -3932; 1320 -2754 3184
-755 -3742 -3607; 1136 -2706 2896
-981 -3203 -3517; 1461 -2666 2671
-1045 -2678 -3012; 2028 -2601 2449
-868 -3033 -2842; 2494 -2495 2155
-1079 -3099 -2631; 2826 -2367 1874
-1681 -2960 -2287; 2741 -2256 1611
-1657 -3496 -1679; 2386 -2142 1301
-2022 -3169 -1698; 2008 -2014 1009
-2011 -3178 -1024; 1608 -1888 730
-1841 -3486 -808; 1134 -1741 416
-1776 -4059 -905; 876 -1549 81
-2007 -4043 -854; 932 -1346 -203
-2267 -3911 -7; 1026 -1138 -452
-2067 -4297 673; 889 -871 -725
-2269 -4393 578; 530 -552 -977
-2136 -4276 851; 43 -226 -1195
-1922 -4586 974; -339 90 -1425
-1411 -4960 1427; -556 430 -1637
-1408 -4607 988; -618 849 -1800
-1092 -4508 813; -711 1274 -1950
-831 -4312 994; -855 1644 -2105
-649 -3865 1033; -1114 2027 -2243
-193 -3403 737; -1453 2449 -2376
187 -2661 378; -1826 2838 -2501
765 -2263 106; -2232 3197 -2612
1746 -2101 -691; -2481 3545 -2711
2075 -1710 -1434; -2405 3866 -2801
2283 -1591 -1802; -1993 4128 -2879
2530 -1094 -1727; -1827 4328 -2966
2472 -911 -2665; -2141 4529 -3077
3004 -1433 -3033; -2350 4651 -3169
3247 -1052 -3485; -2293 4694 -3181
3559 -1295 -3948; -1915 4717 -3212
3498 -1870 -4235; -1446 4690 -3270
3412 -1861 -4478; -1299 4599 -3290
3391 -1945 -4968; -1377 4479 -3294
3341 -2301 -5173; -1316 4320 -3300
3057 -2038 -5352; -1255 4091 -3286
3058 -2008 -5292; -1309 3810 -3248
3173 -2240 -5405; -1291 3525 -3203
3224 -2508 -5550; -1223 3228 -3140
2077 -2445 -5339; -1101 2858 -3046
2136 -2805 -4800; -1038 2468 -2939
1392 -2904 -4931; -1022 2104 -2831
834 -2967 -4422; -971 1714 -2686
358 -2680 -3797; -994 1306 -2512
624 -2872 -3501; -1107 930 -2343
347 -3005 -3554; -1095 562 -2173
403 -2698 -3349; -930 175 -1969
493 -2433 -3133; -821 -201 -1747
472 -2493 -2911; -836 -547 -1539
652 -2513 -2818; -825 -886 -1337
336 -2358 -2668; -750 -1232 -1110
582 -2311 -2427; -703 -1548 -878
849 -2719 -2547; -703 -1816 -662
820 -2628 -2421; -618 -2081 -434
1068 -2604 -2379; -419 -2351 -193
1451 -2502 -2587; -178 -2594 36
1757 -2210 -2520; 21 -2809 279
2008 -1995 -2721; 127 -2994 533
2176 -1689 -3009; 240 -3169 764
2514 -1835 -3001; 416 -3349 983
2611 -2079 -2996; 597 -3496 1211
2559 -2136 -3127; 724 -3600 1454
2670 -2384 -3308; 878 -3690 1696
2821 -2822 -3358; 1075 -3767 1943
2809 -2913 -3421; 1303 -3809 2205
2584 -3357 -3180; 1501 -3819 2470
2252 -3438 -3176; 1531 -3806 2730
2377 -3640 -3429; 1614 -3774 2977
2549 -3522 -3496; 1955 -3714 3219
2127 -3288 -3799; 2412 -3606 3467
1934 -3174 -3880; 2812 -3486 3687
2033 -3170 -3207; 2979 -3366 3876
1760 -3071 -3024; 2527 -3225 4015
992 -3162 -2997; 1864 -3074 4074
399 -2944 -3312; 1372 -2958 4067
276 -2590 -3949; 1227 -2879 4014
298 -2572 -4120; 1356 -2829 3882
54 -2506 -4650; 1763 -2745 3691
-498 -2745 -4241; 2545 -2646 3512
-1594 -1784 -3219; 2915 -2564 3357
-2034 -1575 -2936; 2485 -2428 3098
-2191 -1992 -2858; 2025 -2318 2720
-2208 -1766 -2606; 1855 -2260 2373
-2375 -1288 -2410; 1887 -2191 2031
-2428 -1432 -2459; 1890 -2087 1606
-2404 -2023 -2761; 1959 -2000 1160
-2393 -2258 -2707; 2221 -1953 765
-2416 -2516 -2869; 2481 -1910 398
-5533 384 573; 2334 -1875 40
-2026 -740 -9915; 1738 -1713 -231
-858 -8038 941; 492 -1006 -831
-266 -8264 -5284; -241 -428 -1332
-1681 -5802 -5132; -170 -48 -1572
-2058 -7010 -2228; -285 -229 -1670
-1087 -3657 -2485; 76 -389 -1680
-1588 -4813 -2875; 579 -197 -2197
-1966 -6270 -2109; 169 -30 -2330
-2159 -4231 852; -278 79 -2188
-1796 -4249 -1437; -767 425 -2225
-2469 -4661 -1407; -1277 669 -2415
-968 -5902 499; -1264 774 -2472
-164 -4593 -1252; -1008 1113 -2352
-633 -4945 -1474; -552 1422 -2309
-298 -5386 -1128; -393 1604 -2314
141 -5443 -1816; -381 1843 -2243
97 -5353 -1868; -241 2069 -2142
169 -5388 -1315; -118 2232 -2067
235 -5093 -1679; 9 2421 -1979
36 -4966 -1365; 171 2582 -1869
334 -4808 -846; 245 2701 -1774
290 -4754 -1220; 60 2857 -1693
308 -4602 -1294; -91 3006 -1604
149 -3845 -765; -212 3104 -1505
26 -3039 -866; -489 3222 -1425
272 -2685 -887; -853 3322 -1385
448 -2409 -768; -1112 3388 -1347
871 -1828 -1291; -1102 3467 -1304
743 -1193 -1570; -963 3520 -1319
660 -842 -1865; -938 3530 -1385
892 -79 -2098; -928 3496 -1462
817 610 -2041; -971 3409 -1575
1173 613 -2624; -1029 3328 -1744
1446 1026 -3049; -1044 3216 -1909
1490 1271 -3535; -1269 3037 -2074
1556 576 -4026; -1439 2843 -2263
1632 674 -4664; -1455 2602 -2428
1771 336 -4639; -1578 2298 -2591
1857 -102 -4982; -1693 1981 -2745
1773 -471 -4940; -1692 1665 -2857
1632 -770 -4654; -1626 1323 -2916
1365 -1137 -4286; -1658 987 -2946
1241 -1676 -4209; -1771 665 -2944
1300 -2069 -4053; -2005 350 -2903
1441 -2478 -4050; -2183 53 -2825
1470 -2656 -3867; -2126 -223 -2704
1505 -2806 -3567; -2066 -500 -2542
1490 -3069 -3523; -1981 -772 -2357
1486 -3506 -3546; -1770 -1033 -2147
1457 -3702 -3525; -1569 -1290 -1898
1612 -3802 -3397; -1464 -1545 -1609
1567 -4042 -3431; -1364 -1785 -1301
1518 -4170 -3265; -1137 -2022 -992
1617 -4095 -3276; -833 -2256 -650
1865 -3866 -3315; -470 -2474 -285
2119 -3526 -3489; -133 -2680 79
2545 -3191 -3556; 165 -2859 442
2590 -3114 -3639; 464 -3002 809
2616 -3008 -3666; 699 -3130 1172
2716 -3306 -3506; 974 -3249 1520
2553 -3338 -3398; 1271 -3332 1865
2475 -3619 -3176; 1527 -3379 2206
2065 -3505 -2957; 1640 -3394 2524
2005 -3161 -3403; 1653 -3391 2805
2395 -2712 -4115; 1738 -3394 3046
2775 -2460 -4413; 1880 -3396 3240
2592 -2159 -5269; 2025 -3372 3389
2135 -2031 -5268; 2349 -3380 3496
1606 -2142 -4352; 2660 -3409 3568
1386 -2236 -3984; 2271 -3376 3591
656 -2303 -3891; 1528 -3325 3540
-16 -2270 -3875; 1259 -3315 3427
133 -2407 -3797; 1591 -3315 3284
64 -1991 -3836; 2049 -3272 3136
-124 -2066 -3913; 2567 -3172 2952
-682 -1679 -3896; 3309 -3039 2758
-1169 -1434 -3270; 3686 -2929 2569
-1661 -1180 -2567; 3499 -2819 2340
-2148 -1207 -2244; 2963 -2687 2031
-2273 -1805 -2012; 2418 -2550 1672
-2540 -1798 -1493; 2111 -2433 1337
-2717 -1805 -1213; 1908 -2300 992
-2525 -2427 -1168; 1812 -2147 596
-2516 -2783 -1387; 1925 -1991 231
-2530 -2585 -1468; 2155 -1839 -87
-2523 -2499 -1270; 2215 -1697 -406
-2316 -2872 -1180; 1887 -1553 -727
-2202 -3008 -724; 1256 -1413 -1016
-1936 -3179 -659; 566 -1255 -1291
-1598 -4059 -394; 57 -1055 -1568
-1598 -4424 -121; -142 -810 -1787
-1349 -4664 -216; -211 -538 -1946
-1268 -5476 217; -143 -252 -2083
-1412 -5321 -19; -50 77 -2177
-1556 -4989 351; -10 393 -2250
-911 -5616 907; -141 708 -2312
-666 -5637 456; -487 1094 -2311
-554 -5360 567; -774 1490 -2249
-243 -5798 338; -889 1896 -2185
233 -6004 170; -657 2280 -2122
197 -5591 -43; -316 2627 -2001
528 -5021 -396; -103 2944 -1873
825 -4719 -632; -168 3239 -1794
837 -4158 -845; -484 3505 -1707
1140 -3728 -1039; -923 3732 -1597
880 -3370 -1671; -1257 3933 -1500
810 -3609 -1913; -1167 4091 -1427
1299 -3106 -2297; -653 4203 -1349
1481 -2204 -2434; -134 4264 -1312
1467 -1638 -2607; -161 4275 -1372
1774 -1217 -2863; -652 4255 -1476
1808 -301 -2993; -1014 4204 -1553
2032 218 -3376; -1072 4129 -1641
2451 183 -3775; -927 4025 -1809
2628 612 -4263; -953 3877 -1990
2615 925 -4508; -1021 3695 -2167
2672 1145 -4469; -1024 3485 -2384
2612 987 -4489; -1065 3230 -2610
2632 731 -4502; -1183 2951 -2810
2478 228 -4509; -1405 2672 -2992
2500 -307 -4702; -1608 2401 -3153
2658 -846 -4315; -1693 2115 -3259
1936 -642 -4454; -1692 1813 -3312
2113 -1507 -4214; -1659 1531 -3349
1820 -2069 -4093; -1619 1247 -3354
1610 -2301 -4014; -1581 958 -3297
1617 -2550 -3718; -1613 674 -3214
1543 -2593 -3898; -1772 401 -3112
1476 -3166 -3915; -1921 120 -2990
1584 -2978 -3964; -1994 -156 -2830
1564 -2905 -3906; -1899 -438 -2651
1677 -3125 -3857; -1739 -727 -2476
1620 -3031 -3824; -1565 -1020 -2291
1658 -2912 -3701; -1406 -1314 -2084
1642 -3150 -3574; -1237 -1596 -1872
1488 -3015 -3400; -1096 -1873 -1654
1727 -2976 -3314; -1044 -2143 -1412
1735 -2934 -3350; -924 -2390 -1175
1755 -2838 -3551; -766 -2629 -944
2182 -2764 -3540; -649 -2888 -700
2499 -2718 -3663; -529 -3127 -444
2411 -2984 -3777; -254 -3312 -187
2396 -3005 -3862; 66 -3474 95
2305 -2951 -3561; 341 -3656 394
2312 -3399 -3572; 596 -3823 675
2441 -3146 -4032; 829 -3941 973
2761 -3065 -4422; 1041 -4054 1294
3254 -3429 -4525; 1248 -4149 1600
3384 -3825 -4712; 1516 -4186 1889
2948 -3987 -4379; 1929 -4206 2204
2082 -3978 -3630; 2462 -4215 2540
1835 -4013 -3769; 2840 -4153 2844
2236 -3572 -4572; 2996 -4046 3111
2625 -3175 -4710; 3104 -3965 3356
2659 -2529 -4552; 2766 -3873 3544
1953 -1638 -5212; 1896 -3751 3602
1240 -1348 -4840; 1272 -3700 3511
1240 -1463 -4660; 1601 -3653 3370
1148 -1070 -4693; 2447 -3535 3216
833 -777 -4468; 3266 -3401 3047
244 -162 -4282; 3929 -3240 2854
-291 140 -3767; 4116 -3052 2605
-1362 1155 -2223; 3505 -2873 2280
-2039 580 -2699; 2561 -2688 1833
-2010 435 -1513; 1833 -2560 1324
-1967 508 -2064; 1482 -2439 838
-2092 -2 -2487; 1351 -2275 323
-1927 -696 -2651; 1277 -2144 -220
-1646 -1847 -3562; 1198 -1988 -708
-1729 -2499 -3727; 1180 -1856 -1126
-1647 -3242 -3524; 1291 -1772 -1485
-1423 -3918 -2981; 1425 -1664 -1789
-1709 -4314 -2311; 1328 -1517 -2012
-1698 -4638 -1381; 912 -1344 -2173
-1195 -4658 -748; 470 -1121 -2295
-1342 -5270 -460; 190 -833 -2405
-1368 -5493 -2; 180 -556 -2469
-1243 -5535 555; 275 -259 -2477
-615 -5801 691; 311 161 -2421
-813 -6201 364; 106 593 -2346
-818 -6489 1079; -233 1001 -2229
-619 -6872 399; -735 1426 -2069
-436 -6723 230; -1012 1864 -1852
-402 -6787 -137; -930 2311 -1601
175 -6631 -634; -737 2723 -1337
405 -6244 -937; -409 3066 -1060
774 -5896 -1302; 126 3388 -798
1023 -5030 -1227; 619 3657 -565
1171 -4357 -1531; 668 3878 -392
1543 -4279 -1784; 504 4065 -270
1196 -3193 -1730; 501 4228 -148
983 -2321 -1893; 483 4357 -65
1677 -2230 -1693; 273 4414 -84
2023 -1813 -2118; 161 4460 -125
1847 -1003 -2550; 552 4492 -186
1778 -688 -2163; 1269 4464 -330
1532 571 -2346; 1670 4436 -554
1973 771 -2553; 1391 4389 -834
2185 817 -3177; 427 4271 -1131
2227 799 -3336; -461 4115 -1421
2469 934 -3742; -710 3947 -1690
2439 1339 -4143; -675 3744 -1937
2434 1366 -4798; -725 3508 -2230
2571 1174 -5007; -1040 3226 -2546
2804 871 -4930; -1326 2921 -2838
2802 662 -4939; -1490 2608 -3080
3010 721 -4868; -1753 2300 -3305
2908 271 -4983; -2075 2008 -3526
3160 -480 -5191; -2190 1710 -3696
2609 -662 -4819; -2220 1402 -3804
3053 -1214 -4528; -2322 1123 -3888
2882 -1823 -4616; -2491 865 -3961
2742 -1755 -4543; -2552 598 -3969
2616 -2136 -4208; -2434 330 -3921
2464 -2486 -4085; -2418 74 -3847
2120 -3155 -4387; -2508 -170 -3768
2491 -3894 -4488; -2491 -425 -3644
2354 -4265 -4394; -2343 -692 -3442
2004 -4199 -4475; -2178 -950 -3194
2208 -4475 -4352; -2075 -1213 -2933
2113 -4587 -4136; -1987 -1497 -2655
2120 -4966 -3982; -1722 -1780 -2349
2116 -4665 -3906; -1298 -2047 -2008
2191 -4387 -3634; -783 -2316 -1641
2292 -4065 -3560; -349 -2577 -1261
2517 -3621 -3468; -2 -2822 -883
2669 -3328 -3421; 319 -3041 -503
2651 -3208 -3585; 646 -3229 -122
2481 -3360 -3245; 994 -3413 251
2760 -3223 -3229; 1273 -3581 629
2926 -3247 -3415; 1514 -3693 1004
2895 -2965 -3434; 1702 -3776 1359
3171 -2899 -3473; 1903 -3845 1706
3326 -2525 -3513; 2194 -3888 2047
3202 -2463 -3590; 2557 -3899 2366
3272 -2357 -3782; 2927 -3885 2673
3291 -2163 -3931; 3268 -3851 2981
2960 -2131 -3533; 3128 -3799 3243
2913 -2377 -3918; 2351 -3730 3420
3009 -2091 -4541; 1819 -3695 3547
2985 -2242 -4732; 2004 -3684 3637
2767 -2114 -5191; 2552 -3615 3681
2417 -1819 -5496; 3305 -3500 3718
1575 -1952 -4802; 3956 -3407 3748
1233 -1877 -4572; 4124 -3272 3726
574 -1932 -4012; 4172 -3092 3659
-105 -1046 -3672; 3592 -2931 3551
-465 -1528 -4344; 2678 -2803 3339
-578 -872 -2903; 1988 -2740 3052
-867 -1366 -3781; 2319 -2654 2756
-1470 -1093 -3411; 2875 -2526 2458
-1642 -1417 -3343; 3538 -2424 2152
-2391 -994 -2958; 3955 -2308 1843
-2756 -1821 -2319; 3722 -2236 1482
-2598 -1710 -2745; 3421 -2146 1129
-2329 -1711 -2176; 3021 -2089 827
-2219 -2237 -1924; 2516 -2031 497
-2101 -2899 -1736; 2150 -1942 138
-2273 -2796 -903; 2000 -1861 -149
-2479 -2908 -193; 1906 -1751 -401
-2704 -3336 161; 1750 -1593 -679
-2542 -3188 717; 1548 -1432 -932
-2502 -3435 651; 1277 -1257 -1159
-2194 -3644 1273; 960 -1046 -1366
-2412 -3587 1717; 685 -758 -1544
-1760 -3585 1330; 347 -405 -1709
-1996 -4196 1440; 202 -96 -1896
-1531 -4110 1607; 142 179 -2031
-971 -4536 1642; 151 494 -2137
-1150 -4601 1603; 108 852 -2229
-705 -4261 1605; -59 1229 -2288
-443 -4351 1431; -277 1611 -2348
-142 -4228 1547; -515 1971 -2386
-67 -3794 1540; -778 2332 -2398
639 -4057 811; -894 2717 -2393
736 -3780 976; -787 3057 -2357
1141 -3240 439; -742 3371 -2321
1342 -3108 -7; -881 3661 -2302
1914 -2890 126; -1223 3886 -2269
1848 -2286 -621; -1703 4114 -2210
2090 -2041 -992; -2072 4310 -2145
2362 -1783 -1114; -2170 4427 -2080
2297 -1066 -1088; -2023 4526 -2010
2315 -1104 -2432; -1750 4616 -1979
2315 -379 -3234; -1478 4605 -2001
2465 -559 -3158; -1302 4494 -2081
3083 -299 -3642; -1447 4380 -2184
3336 -92 -4866; -1687 4268 -2290
3618 880 -5499; -2131 4084 -2384
3677 1329 -5973; -2232 3853 -2515
3656 1568 -6174; -2166 3581 -2711
3554 925 -5798; -2199 3256 -2921
3384 735 -6056; -2205 2950 -3101
3350 364 -6292; -2168 2644 -3271
3121 -400 -6199; -2092 2302 -3445
2898 -780 -5885; -2066 1955 -3577
2795 -1410 -5663; -2022 1624 -3665
2617 -1745 -5356; -1935 1284 -3724
2424 -2472 -4688; -1904 946 -3742
2350 -2431 -4701; -2017 628 -3704
2536 -3243 -4605; -2102 335 -3646
2374 -3343 -4720; -1997 40 -3569
2598 -3438 -4715; -1802 -253 -3445
2366 -3300 -4601; -1687 -550 -3300
2327 -3387 -4487; -1690 -853 -3130
2270 -3483 -4088; -1853 -1157 -2946
2392 -3814 -4123; -1954 -1422 -2746
2273 -4092 -4152; -1868 -1673 -2522
2348 -3950 -4001; -1620 -1946 -2270
2314 -3831 -4118; -1405 -2221 -2012
2662 -4272 -4139; -1143 -2480 -1748
2381 -3987 -4125; -682 -2721 -1446
2544 -3435 -3930; -258 -2965 -1109
2675 -3556 -3841; 12 -3208 -783
2668 -3330 -4108; 268 -3416 -460
2911 -3229 -4176; 512 -3613 -114
3110 -3453 -4144; 718 -3810 234
3115 -4017 -4496; 989 -3949 578
3232 -4205 -4676; 1432 -4058 949
3011 -4685 -4363; 2087 -4165 1344
2812 -4682 -4348; 2771 -4237 1757
3124 -4052 -4791; 3319 -4260 2186
3501 -3355 -5216; 3602 -4250 2584
4428 -3522 -5598; 3663 -4225 2941
4702 -2784 -5838; 3711 -4170 3258
3761 -2626 -4995; 3935 -4095 3506
2623 -2408 -4754; 4168 -3971 3701
2797 -1977 -4914; 4378 -3792 3861
3269 -1919 -4943; 4619 -3614 3950
2917 -1309 -5203; 4983 -3412 3974
2105 1479 -2937; 5007 -3153 3956
733 286 -3327; 4818 -2896 3813
501 489 -1683; 4961 -2599 3528
93 -491 -1805; 5056 -2365 3254
26 1119 -2029; 5565 -2064 3073
-363 -54 -1846; 6222 -1797 2771
-1269 646 -341; 6450 -1553 2454
-2170 643 -455; 5342 -1305 2148
-2430 -836 143; 3556 -1121 1760
-2597 -1366 610; 2461 -999 1419
-2604 -1303 210; 2251 -839 1126
-2727 -1613 366; 2248 -687 845
-2453 -1330 347; 2037 -559 593
-2521 -2146 354; 1645 -424 332
-2275 -2231 -405; 1233 -275 115
-2136 -2667 -260; 1092 -187 -74
-2137 -3352 257; 1007 -120 -261
-2281 -2967 -146; 708 3 -383
-2220 -3035 62; 327 108 -471
-2315 -3351 423; 184 184 -590
-1951 -3593 -299; 42 293 -691
-1886 -3520 -438; -111 396 -746
-1977 -3586 -324; -160 484 -774
-1828 -3422 -636; -186 585 -817
-1941 -3388 -659; -317 668 -861
-1764 -3204 -536; -467 738 -881
-1920 -2949 -547; -559 821 -895
-1767 -2888 -858; -568 899 -923
-1634 -3165 -1373; -516 958 -951
-1272 -3234 -1816; -426 995 -961
-988 -3529 -2459; -386 1027 -970
-918 -3760 -2736; -407 1038 -979
-953 -3792 -2676; -443 1023 -972
-959 -3591 -2468; -390 994 -953
-985 -3761 -2326; -278 965 -948
-940 -3765 -2427; -263 942 -947
-694 -3847 -2596; -293 918 -928
-723 -3733 -2765; -308 890 -906
-694 -3975 -2818; -277 857 -892
-765 -3749 -2726; -200 809 -869
-726 -3658 -2797; -152 757 -844
-661 -3954 -2886; -109 716 -824
-664 -4015 -2794; -120 673 -799
-728 -4043 -2535; -139 618 -763
-676 -4182 -2441; -141 568 -727
-724 -4115 -2461; -179 527 -696
-617 -3961 -2568; -253 488 -660
-612 -4005 -2651; -248 453 -621
-593 -3844 -2533; -107 414 -584
-455 -3991 -2364; 21 370 -552
-495 -3751 -2328; 48 334 -525
-592 -3939 -2210; 57 303 -497
-452 -3753 -2031; 52 277 -466
-474 -3755 -1945; 4 257 -439
-489 -3848 -1915; -38 240 -421
-481 -3735 -1879; -36 221 -399
-512 -3621 -1970; -3 206 -377
-399 -3754 -2176; 1 193 -360
-493 -3680 -2273; 30 178 -342
-425 -3656 -2088; 125 152 -320
-513 -3654 -1990; 167 132 -298
-604 -3685 -1863; 79 119 -285
-597 -3877 -1678; -4 111 -266
-606 -3732 -1572; -15 106 -241
-654 -3798 -1505; 22 107 -222
-571 -3651 -1556; 44 109 -207
-500 -3666 -1783; 38 110 -187
-491 -3584 -1872; 87 108 -173
-483 -3739 -1925; 134 98 -163
-599 -3550 -1923; 75 88 -151
-452 -3845 -1760; 49 73 -137
-495 -3676 -1630; 77 58 -123
-354 -3729 -1799; 77 52 -112
-372 -3873 -1834; 72 46 -102
-234 -3673 -1938; 78 36 -87
-319 -3612 -1923; 82 21 -79
-294 -3589 -1814; 75 6 -78
-424 -3466 -1722; 91 -10 -73
-241 -3450 -1694; 106 -23 -68
-276 -3557 -1855; 61 -31 -69
-307 -3506 -1866; 32 -41 -71
-274 -3633 -1751; 36 -59 -68
-293 -3542 -1727; 33 -72 -69
-464 -3702 -1790; 15 -81 -69
-423 -3638 -1712; 12 -87 -68
-481 -3624 -1640; 57 -92 -65
-480 -3794 -1572; 97 -97 -66
-436 -3642 -1557; 128 -102 -67
-407 -3533 -1567; 118 -104 -61
-283 -3677 -1763; 78 -101 -60
-458 -3612 -1766; 42 -104 -64
-416 -3636 -1770; 3 -109 -63
-554 -3644 -1705; -10 -114 -61
-587 -3649 -1552; 18 -111 -60
-573 -3739 -1464; 61 -109 -61
-512 -3630 -1507; 87 -101 -59
-464 -3678 -1646; 108 -93 -59
-377 -3563 -1729; 98 -86 -58
-451 -3642 -1797; 56 -83 -59
-523 -3581 -1752; -31 -80 -61
-460 -3592 -1636; -86 -78 -65
-567 -3527 -1495; -15 -78 -69
-376 -3747 -1570; 93 -66 -71
-473 -3625 -1659; 122 -49 -73
-335 -3577 -1753; 135 -39 -77
-449 -3719 -1625; 149 -42 -79
-371 -3509 -1769; 99 -35 -81
-330 -3557 -1716; 35 -25 -88
-341 -3636 -1559; 10 -18 -91
-442 -3406 -1505; 32 -11 -91
-318 -3670 -1563; 59 -3 -100
-208 -3817 -1761; 74 11 -103
-428 -3566 -1881; 58 21 -100
-322 -3796 -1808; 48 22 -102
-382 -3693 -1804; 46 22 -107
-334 -3775 -1729; 69 22 -106
-324 -3577 -1709; 92 24 -102
-46 -3740 -1851; 90 25 -107
-324 -3667 -2006; 60 22 -110
-274 -3635 -1966; 30 17 -107
-467 -3652 -1815; 20 10 -108
-427 -3688 -1745; 20 1 -112
-505 -3558 -1696; 59 -4 -115
-286 -3604 -1709; 90 -8 -112
-359 -3695 -1818; 64 -10 -111
-376 -3646 -1846; 40 -14 -114
-287 -3704 -1824; 39 -25 -111
-319 -3757 -1984; 36 -38 -109
-366 -3719 -1933; 20 -43 -105
-338 -3749 -1798; -1 -50 -101
-294 -3770 -1739; -8 -57 -95
-511 -3718 -1674; -6 -60 -87
-432 -3722 -1727; 3 -61 -84
-348 -3694 -1724; 27 -66 -80
-351 -3739 -1736; 71 -67 -71
-339 -3593 -1805; 84 -66 -66
-103 -3683 -1824; 97 -66 -63
-229 -3690 -1798; 104 -68 -59
-154 -3646 -1703; 85 -71 -56
-190 -3657 -1651; 55 -76 -56
-234 -3601 -1657; 33 -79 -56
-415 -3498 -1609; 25 -82 -57
-296 -3529 -1724; 25 -86 -60
-269 -3500 -1855; 17 -92 -65
-411 -3496 -1822; 18 -101 -68
-236 -3564 -1874; 15 -113 -70
-85 -3663 -1961; -18 -124 -73
-255 -3681 -1843; -38 -131 -75
-233 -3720 -1726; -61 -134 -76
-205 -3756 -1761; -126 -137 -76
-351 -3720 -1693; -161 -135 -76
-210 -3666 -1776; -126 -129 -80
-239 -3644 -1627; -63 -123 -84
-407 -3525 -1676; -16 -115 -87
-307 -3474 -1651; 6 -109 -90
-311 -3649 -1568; 45 -107 -93
-435 -3608 -1638; 75 -108 -101
-305 -3698 -1826; 49 -107 -106
-171 -3790 -2116; -17 -105 -108
-220 -3809 -2005; -43 -110 -101
-535 -3505 -2048; -69 -136 -106
-630 -3885 -1863; -100 -171 -127
-1180 -3490 -1941; -126 -183 -124
-1068 -3539 -1881; -83 -186 -129
-707 -3690 -1570; -39 -210 -146
-577 -3547 -1691; 42 -223 -149
-502 -3540 -1879; 139 -224 -151
-410 -3650 -1937; 98 -246 -163
-276 -3582 -2110; 13 -261 -166
-496 -3789 -2012; 0 -274 -169
-523 -3766 -1787; -34 -303 -176
-503 -3645 -1837; -84 -325 -183
-498 -3581 -1919; -53 -345 -192
-469 -3642 -1794; -39 -372 -195
-315 -3430 -1793; -48 -386 -193
1180 -3876 -1832; -43 -391 -200
385 -3637 -2178; -20 -372 -155
331 -3694 -1915; -31 -295 -118
1118 -3619 -3908; -27 -314 -153
580 -4395 -150; 67 -476 -209
450 -3225 -3132; 7 -319 -142
57 -3858 -2194; -23 -252 -127
34 -4347 -101; 26 -355 -150
-106 -3355 -3187; 62 -209 -89
-349 -3971 -1522; 133 -195 -84
-256 -4014 -751; 102 -237 -90
-476 -3399 -2748; 71 -115 -46
-570 -3895 -1101; 90 -128 -49
-419 -3760 -1352; 37 -128 -42
-512 -3552 -2382; 67 -43 -13
-485 -3924 -1183; 124 -66 -19
-418 -3645 -1919; 80 -42 -10
-540 -3545 -2289; 93 5 5
-517 -3751 -1318; 160 -24 -3
-536 -3543 -2013; 173 6 5
-576 -3601 -1969; 175 26 6
-524 -3698 -1494; 178 4 1
-488 -3549 -2062; 175 31 5
-459 -3703 -1825; 190 33 -3
-363 -3590 -1679; 185 18 -6
-331 -3464 -2083; 182 35 -5
-326 -3542 -1727; 204 26 -18
-275 -3427 -1716; 195 15 -24
-247 -3498 -2068; 172 26 -32
-206 -3607 -1889; 148 10 -47
-204 -3542 -2004; 119 0 -51
-234 -3615 -2041; 97 0 -59
-289 -3673 -1704; 83 -14 -70
-316 -3630 -1777; 90 -16 -73
-321 -3664 -1806; 127 -15 -79
-256 -3627 -1765; 163 -25 -86
-238 -3562 -2000; 182 -21 -89
-255 -3655 -1904; 179 -24 -95
-302 -3658 -1776; 146 -34 -100
-339 -3658 -1839; 93 -36 -104
-325 -3668 -1746; 82 -40 -108
-331 -3559 -1716; 84 -42 -110
-332 -3561 -1821; 65 -37 -112
-305 -3662 -1659; 59 -39 -120
-249 -3641 -1676; 74 -38 -119
-211 -3760 -1790; 93 -33 -120
-198 -3792 -1799; 98 -38 -120
-184 -3742 -1909; 95 -42 -114
-228 -3777 -1922; 72 -48 -111
-270 -3761 -1766; 41 -57 -108
-301 -3690 -1709; 43 -57 -102
-294 -3683 -1642; 72 -60 -100
-219 -3645 -1634; 116 -63 -100
-166 -3587 -1752; 163 -60 -96
-105 -3619 -1706; 157 -63 -97
-106 -3635 -1769; 103 -66 -98
-144 -3636 -1813; 49 -67 -96
-174 -3670 -1549; 46 -70 -94
-189 -3687 -1370; 67 -70 -91
-228 -3679 -1405; 101 -64 -87
-217 -3650 -1415; 127 -55 -84
-179 -3610 -1523; 130 -49 -82
-112 -3571 -1677; 105 -42 -80
-79 -3572 -1653; 101 -40 -79
-70 -3692 -1630; 100 -41 -79
-96 -3676 -1632; 91 -41 -78
-113 -3671 -1582; 79 -44 -73
-119 -3647 -1620; 68 -45 -72
-113 -3587 -1646; 64 -46 -68
-136 -3547 -1603; 99 -50 -65
-150 -3523 -1561; 107 -51 -66
-146 -3538 -1526; 83 -54 -66
-174 -3611 -1664; 52 -58 -62
-213 -3674 -1792; -5 -57 -62
-216 -3724 -1633; -10 -64 -61
-230 -3653 -1617; 36 -69 -54
-243 -3655 -1787; 53 -68 -50
-195 -3684 -1720; 60 -71 -50
-203 -3718 -1717; 71 -78 -44
-204 -3814 -1847; 48 -77 -42
-186 -3852 -1784; 16 -83 -40
-224 -3722 -1779; 13 -89 -33
-225 -3683 -1731; 37 -92 -28
-267 -3608 -1621; 42 -97 -28
-275 -3557 -1667; 28 -97 -26
-259 -3614 -1625; 34 -97 -28
-242 -3680 -1617; 21 -98 -30
-206 -3725 -1634; -1 -97 -29
-239 -3762 -1616; 10 -98 -27
-255 -3756 -1612; 3 -96 -24
-282 -3749 -1609; -2 -94 -24
-262 -3717 -1528; 33 -97 -20
-215 -3656 -1581; 59 -95 -19
-216 -3674 -1673; 52 -91 -20
-218 -3698 -1695; 25 -93 -19
-204 -3733 -1674; 13 -96 -21
-226 -3739 -1654; 38 -97 -21
-235 -3684 -1665; 52 -100 -22
-247 -3695 -1690; 53 -102 -22
-226 -3724 -1646; 50 -105 -23
-231 -3777 -1680; 62 -110 -23
-224 -3830 -1797; 67 -113 -22
-212 -3882 -1800; 56 -118 -18
-253 -3905 -1867; 46 -126 -12
-286 -3939 -1902; 33 -129 -6
-316 -3944 -1818; 52 -138 1
-335 -3901 -1787; 81 -143 8
-332 -3843 -1761; 102 -143 15
-310 -3781 -1680; 123 -145 18
-275 -3675 -1649; 150 -143 20
-205 -3649 -1701; 164 -140 19
-221 -3585 -1721; 141 -139 16
-214 -3559 -1682; 108 -137 12
-256 -3603 -1602; 79 -134 5
-282 -3604 -1561; 36 -130 -2
-286 -3625 -1553; 27 -125 -11
-295 -3617 -1536; 50 -118 -16
-296 -3628 -1585; 60 -111 -23
-315 -3640 -1565; 39 -102 -31
-317 -3645 -1534; 18 -96 -37
-356 -3626 -1593; 14 -87 -45
-359 -3662 -1581; 16 -78 -54
-350 -3754 -1572; 27 -70 -62
-386 -3747 -1608; 21 -60 -67
-366 -3780 -1632; -4 -51 -74
-348 -3715 -1613; 29 -43 -79
-331 -3599 -1664; 82 -35 -82
-306 -3601 -1666; 92 -26 -91
-308 -3523 -1585; 77 -20 -101
-318 -3511 -1547; 61 -11 -111
-337 -3574 -1545; 51 -6 -123
-329 -3557 -1568; 38 0 -133
-326 -3623 -1605; 42 7 -141
-348 -3682 -1626; 48 13 -149
-324 -3660 -1685; 22 18 -153
-324 -3705 -1636; 31 22 -157
-295 -3657 -1632; 48 20 -159
-286 -3656 -1720; 47 21 -163
-283 -3670 -1801; 25 23 -167
-237 -3623 -1703; 19 21 -169
-236 -3683 -1686; 36 19 -170
-231 -3697 -1759; 37 18 -175
-191 -3686 -1860; 16 16 -175
-165 -3689 -1839; 6 12 -177
-158 -3700 -1772; 10 8 -176
-240 -3659 -1717; 5 3 -174
-254 -3717 -1640; -8 4 -175
-283 -3719 -1620; -6 4 -171
-279 -3697 -1627; 13 8 -167
-246 -3698 -1603; 31 9 -166
-190 -3680 -1594; 36 10 -162
-151 -3662 -1655; 42 10 -157
-146 -3613 -1794; -12 10 -153
-113 -3699 -1767; -78 6 -152
-142 -3773 -1707; -65 1 -145
-135 -3818 -1748; -46 -1 -136
-120 -3945 -1779; -62 -2 -131
-122 -3901 -1867; -75 -5 -120
-104 -3955 -1946; -59 -8 -105
-113 -3938 -1876; -37 -11 -96
-54 -3891 -1760; 4 -14 -85
-42 -3748 -1699; 69 -15 -73
-18 -3637 -1762; 3 -10 -61
-49 -3620 -1623; -28 -9 -57
-103 -3742 -1576; -46 -1 -55
-137 -3731 -1578; -77 8 -51
-140 -3753 -1554; -74 20 -43
-126 -3773 -1596; -2 32 -36
-132 -3674 -1703; 63 44 -28
-137 -3695 -1719; 75 53 -23
-136 -3640 -1610; 71 58 -21
-92 -3577 -1592; 72 65 -18
-91 -3542 -1671; 80 71 -18
-77 -3539 -1719; 70 76 -17
-98 -3590 -1713; 45 79 -18
-107 -3680 -1724; 19 79 -20
-91 -3692 -1773; 14 80 -18
-54 -3750 -1880; 23 78 -16
-27 -3874 -2022; 27 72 -11
-37 -3873 -2204; 14 64 -3
-30 -3919 -2164; 44 50 5
-45 -3902 -2009; 111 33 13
-105 -3829 -1977; 130 18 25
-151 -3845 -1967; 118 6 31
-193 -3789 -1946; 141 -11 40
-193 -3674 -1939; 153 -25 47
-99 -3686 -1936; 152 -41 46
-45 -3530 -1885; 140 -58 49
-12 -3542 -1865; 121 -77 50
-16 -3642 -1866; 96 -95 45
-70 -3555 -1914; 64 -113 44
-107 -3603 -1985; 26 -129 38
-90 -3598 -1770; 31 -148 34
-56 -3537 -1598; 57 -162 35
-82 -3554 -1730; 24 -169 27
-79 -3555 -1697; -47 -174 22
-119 -3482 -1534; -42 -181 21
-225 -3508 -1508; -34 -180 15
-312 -3505 -1411; -35 -174 10
-384 -3402 -1304; -44 -170 8
-365 -3478 -1362; -53 -157 1
-248 -3496 -1376; -55 -147 -5
-139 -3553 -1529; -66 -138 -7
-5 -3624 -1661; -76 -130 -11
67 -3555 -1639; -102 -124 -13
113 -3578 -1498; -101 -124 -14
104 -3550 -1372; -65 -120 -15
30 -3492 -1468; -79 -113 -17
-92 -3530 -1547; -142 -102 -22
-229 -3572 -1444; -178 -93 -25
-308 -3631 -1459; -179 -85 -22
-224 -3702 -1661; -163 -76 -25
-75 -3655 -1889; -131 -68 -21
24 -3642 -2060; -108 -64 -18
66 -3613 -2072; -122 -65 -18
66 -3516 -1850; -117 -67 -18
38 -3404 -1641; -66 -65 -19
-13 -3331 -1599; -32 -59 -21
-120 -3296 -1628; -52 -48 -26
-172 -3380 -1728; -107 -34 -32
-122 -3413 -1723; -149 -25 -36
-82 -3411 -1789; -139 -15 -39
-13 -3403 -1927; -122 -4 -40
-4 -3367 -1856; -126 4 -41
-23 -3436 -1754; -126 10 -45
-85 -3425 -1684; -146 22 -47
-168 -3509 -1747; -183 33 -49
-137 -3569 -1768; -160 48 -51
-108 -3563 -1819; -138 58 -44
-82 -3659 -2002; -139 68 -49
-99 -3603 -2098; -136 76 -47
-140 -3556 -2042; -111 80 -42
-181 -3583 -2048; -106 82 -45
-241 -3544 -2051; -101 85 -45
-208 -3561 -1997; -83 84 -42
-141 -3686 -2066; -91 89 -46
-99 -3685 -2107; -93 90 -47
-62 -3586 -2051; -70 88 -42
-32 -3632 -2052; -45 86 -45
-51 -3466 -2137; -56 85 -44
-48 -3488 -2226; -72 81 -46
-78 -3555 -2196; -60 75 -49
-122 -3591 -2107; -50 67 -48
-180 -3659 -2148; -39 60 -49
-183 -3649 -2176; -58 56 -50
-208 -3593 -2144; -65 49 -45
-216 -3577 -2135; -42 44 -44
-214 -3523 -2138; -28 40 -40
-254 -3478 -2059; -13 37 -40
-323 -3508 -2079; -8 34 -40
-353 -3498 -2103; -34 34 -38
-353 -3487 -2033; -23 32 -39
-277 -3430 -2037; 23 31 -37
-177 -3401 -2150; 24 31 -38
-153 -3430 -2260; -14 30 -40
-155 -3467 -2238; -65 26 -42
-171 -3528 -2163; -70 22 -44
-198 -3549 -2205; -53 16 -45
-219 -3534 -2227; -47 13 -46
-228 -3491 -2236; -28 10 -46
-214 -3370 -2188; 6 9 -47
-192 -3326 -2065; 36 7 -52
-158 -3307 -1959; 49 6 -56
-165 -3298 -1981; 28 9 -60
-228 -3426 -2079; -34 13 -67
-240 -3446 -2068; -107 13 -70
-298 -3506 -2025; -116 15 -70
-330 -3610 -1996; -91 19 -72
-297 -3631 -1937; -78 24 -68
-236 -3612 -2025; -61 30 -63
-148 -3625 -2201; -58 34 -58
-160 -3697 -2313; -94 29 -39
-179 -3703 -2257; -125 26 -27
-215 -3768 -2068; -97 26 -19
-235 -3700 -1995; -44 29 -7
-245 -3723 -2105; -20 35 3
-250 -3695 -2162; -10 41 14
-253 -3651 -2138; 18 47 24
-263 -3620 -2129; 60 52 32
-260 -3513 -2092; 105 55 40
-274 -3453 -2177; 149 59 46
-261 -3456 -2153; 160 61 48
-273 -3397 -2113; 176 59 52
-286 -3356 -2142; 174 57 52
-302 -3328 -2099; 169 55 47
-297 -3274 -2120; 159 52 46
-284 -3281 -2212; 126 46 41
-313 -3369 -2268; 105 38 33
-357 -3345 -2427; 130 24 32
-357 -3409 -2474; 157 10 29
-398 -3412 -2314; 175 -12 24
-432 -3322 -2260; 180 -31 22
-424 -3295 -2277; 174 -49 17
-419 -3206 -2168; 168 -70 12
-404 -3157 -2044; 177 -88 5
-435 -3211 -2126; 145 -104 -6
-436 -3289 -2135; 91 -120 -12
-456 -3326 -2082; 74 -137 -18
-494 -3452 -2137; 62 -154 -26
-492 -3477 -2132; 59 -169 -29
-470 -3441 -2123; 71 -184 -26
-456 -3527 -2044; 63 -197 -30
-472 -3468 -1985; 67 -210 -32
-445 -3464 -2040; 83 -219 -29
-448 -3575 -2113; 96 -225 -31
-398 -3608 -2093; 107 -234 -29
-389 -3636 -2121; 115 -243 -24
-373 -3657 -2210; 100 -253 -21
-339 -3658 -2309; 65 -264 -17
-373 -3631 -2356; 53 -277 -9
-403 -3705 -2255; 69 -286 -3
-446 -3721 -2058; 118 -295 0
-447 -3627 -1943; 182 -302 8
-415 -3564 -2001; 209 -304 14
-338 -3523 -2092; 144 -307 17
-312 -3516 -2191; 71 -312 21
-293 -3605 -2199; 61 -317 20
-315 -3596 -2131; 77 -324 19
-333 -3576 -2145; 100 -330 23
-353 -3565 -2091; 141 -338 24
-386 -3598 -2112; 136 -346 25
-395 -3606 -2263; 84 -351 27
-390 -3620 -2268; 59 -360 29
-427 -3609 -2191; 105 -368 31
-472 -3573 -2052; 154 -375 34
-441 -3427 -1881; 190 -383 34
-373 -3240 -1878; 208 -382 35
-310 -3135 -1883; 225 -383 29
-307 -3080 -1915; 229 -383 19
-327 -3110 -2073; 169 -380 7
-363 -3211 -2049; 83 -383 -4
-377 -3268 -2034; 19 -387 -15
-402 -3225 -2093; -46 -388 -27
-392 -3246 -2008; -92 -388 -38
-385 -3227 -1916; -68 -383 -47
-389 -3341 -1950; -45 -376 -56
-349 -3411 -1945; -69 -365 -68
-334 -3432 -1954; -72 -355 -74
-405 -3521 -2181; -44 -343 -78
-428 -3695 -2364; -77 -332 -79
-409 -3813 -2343; -112 -327 -80
-395 -3851 -2150; -63 -320 -79
-338 -3727 -2031; 5 -311 -74
-321 -3533 -2052; 16 -297 -73
-305 -3441 -2055; 2 -281 -76
-282 -3518 -2001; -1 -266 -81
-327 -3701 -2067; -48 -250 -88
-333 -3801 -2120; -74 -233 -96
-344 -3713 -2053; -29 -217 -97
-340 -3560 -1972; 25 -200 -98
-325 -3376 -2001; 31 -182 -105
-357 -3313 -2080; -1 -162 -116
-402 -3360 -2063; -56 -143 -128
-374 -3425 -2004; -95 -127 -142
-334 -3429 -2039; -60 -108 -152
-256 -3391 -2130; -11 -92 -160
-215 -3392 -2213; -4 -74 -172
-202 -3392 -2247; -13 -62 -182
-200 -3351 -2186; -8 -50 -189
-230 -3332 -2112; 0 -38 -199
-197 -3260 -1998; 20 -29 -210
-196 -3106 -1982; -13 -16 -220
-202 -3164 -1934; -78 0 -234
-221 -3139 -1839; -96 12 -247
-193 -3182 -1864; -88 27 -259
-187 -3237 -1964; -67 42 -273
-172 -3222 -1955; -38 51 -280
-158 -3302 -1978; -26 60 -287
-190 -3429 -2008; -44 68 -294
-192 -3425 -2008; -56 73 -295
-196 -3478 -2000; -55 75 -294
-185 -3472 -2016; -63 78 -295
-126 -3466 -2033; -57 77 -291
-106 -3547 -2183; -46 76 -288
-114 -3635 -2283; -53 70 -283
-94 -3698 -2266; -48 61 -273
-85 -3708 -2234; -21 48 -262
-80 -3701 -2232; 6 37 -251
-52 -3653 -2186; 32 25 -239
-28 -3554 -2160; 59 12 -229
-30 -3463 -2179; 66 2 -220
-31 -3431 -2118; 46 -10 -212
-53 -3478 -2068; 15 -22 -206
-65 -3563 -2054; -9 -33 -201
-90 -3586 -2098; -19 -39 -192
-138 -3642 -2120; -14 -47 -183
-197 -3639 -2160; 4 -54 -172
-221 -3611 -2169; 13 -60 -160
-185 -3598 -2082; 45 -68 -150
-136 -3571 -2111; 75 -71 -138
-115 -3562 -2237; 76 -73 -129
-98 -3623 -2222; 33 -79 -119
-115 -3669 -2136; -6 -83 -108
-137 -3625 -2180; -8 -85 -95
-161 -3578 -2135; 3 -83 -85
-221 -3493 -2088; 25 -82 -75
-250 -3415 -1946; 59 -78 -66
-236 -3331 -1783; 118 -72 -58
-251 -3211 -1753; 149 -62 -54
-190 -3226 -1809; 135 -50 -52
-181 -3261 -1909; 76 -39 -50
-182 -3422 -2023; -4 -29 -48
-191 -3591 -2115; -43 -25 -44
-178 -3612 -2162; -29 -22 -35
-136 -3626 -2219; 21 -22 -29
-95 -3536 -2186; 62 -24 -21
-85 -3436 -2041; 86 -25 -14
-80 -3401 -1950; 96 -23 -13
-106 -3383 -2013; 62 -20 -11
-139 -3469 -2100; 3 -15 -12
-190 -3574 -2105; -17 -12 -11
-213 -3653 -2156; -30 -12 -8
-181 -3679 -2152; -12 -10 -4
-176 -3590 -2199; 28 -11 2
-171 -3519 -2212; 30 -8 7
-161 -3377 -2167; 27 -8 8
-178 -3237 -2144; 34 -9 11
-213 -3210 -2045; 35 -5 6
-241 -3200 -1924; 1 0 1
-314 -3251 -1888; -32 4 -1
-341 -3298 -1994; -86 14 -7
-354 -3304 -2011; -93 23 -12
-354 -3267 -2019; -33 30 -12
-294 -3271 -2027; 8 35 -13
-235 -3264 -2043; -7 41 -18
-154 -3320 -2128; -53 43 -17
-146 -3437 -2223; -88 46 -16
-142 -3565 -2307; -142 46 -14
-177 -3659 -2384; -187 46 -9
-199 -3732 -2338; -169 42 0
-187 -3682 -2288; -87 41 11
-135 -3510 -2239; 18 38 23
-142 -3433 -2283; 61 37 30
-98 -3400 -2312; 61 34 32
-129 -3339 -2319; 34 31 37
-144 -3392 -2136; 22 28 37
-158 -3335 -2036; 24 24 38
-219 -3312 -2160; -42 27 39
-207 -3422 -2138; -92 25 39
-262 -3349 -2128; -85 27 42
-284 -3411 -2205; -48 26 44
-287 -3452 -2165; -5 21 43
-296 -3413 -2236; 27 16 47
-253 -3444 -2361; 16 13 47
-245 -3450 -2355; -11 1 49
-276 -3423 -2429; -36 -10 52
-314 -3456 -2457; -97 -18 51
-307 -3425 -2350; -136 -36 50
-310 -3354 -2454; -116 -49 52
-259 -3305 -2504; -48 -58 48
-257 -3250 -2439; 32 -73 45
-246 -3237 -2423; 36 -88 42
-280 -3206 -2464; -79 -99 33
-267 -3219 -2353; -167 -119 28
-295 -3110 -2413; -207 -132 25
-205 -3130 -2389; -247 -141 16
-343 -3011 -2233; -271 -160 11
-266 -3060 -2254; -266 -166 4
-294 -3083 -2323; -266 -169 -3
-355 -3124 -2328; -305 -178 -7
-357 -3162 -2413; -337 -180 -14
-304 -3080 -2308; -307 -189 -13
-258 -3030 -2336; -310 -192 -17
-189 -3113 -2421; -345 -188 -25
-137 -3067 -2441; -329 -191 -26
-76 -3192 -2475; -300 -188 -28
-69 -3316 -2495; -285 -187 -34
-108 -3249 -2485; -332 -185 -32
-131 -3312 -2452; -337 -177 -32
-177 -3313 -2377; -317 -167 -36
-212 -3348 -2288; -303 -155 -34
-222 -3435 -2233; -269 -138 -35
-181 -3355 -2306; -225 -116 -32
-161 -3326 -2398; -190 -93 -30
-120 -3285 -2503; -209 -72 -31
-89 -3337 -2429; -190 -48 -32
-95 -3307 -2367; -88 -30 -30
-42 -3310 -2423; 43 -6 -29
-3 -3218 -2572; 111 18 -31
-21 -3161 -2572; 78 38 -34
-26 -3162 -2412; 21 52 -37
-9 -3213 -2506; -47 71 -43
-11 -3123 -2572; -108 88 -46
-39 -3071 -2580; -136 100 -51
-68 -3095 -2666; -115 113 -56
-107 -3128 -2658; -96 121 -60
-136 -3154 -2554; -55 125 -64
-178 -3092 -2599; -44 133 -64
-239 -3130 -2531; -101 138 -65
-313 -3092 -2543; -152 140 -62
-339 -3077 -2638; -174 142 -57
-386 -3131 -2620; -195 139 -55
-410 -3195 -2639; -237 137 -50
-386 -3165 -2816; -260 133 -41
-344 -3103 -2814; -187 126 -31
-295 -3047 -2829; -102 116 -21
-259 -3055 -2823; -110 109 -14
-199 -3102 -2769; -186 95 -8
-191 -3049 -2846; -295 85 2
-224 -3039 -2783; -354 74 11
-260 -2967 -2745; -385 64 20
-196 -2950 -2819; -383 57 25
-149 -2933 -2872; -362 49 29
-76 -2924 -2980; -356 40 35
-46 -2985 -3010; -358 29 40
-28 -2947 -2976; -390 19 44
-3 -2947 -2932; -419 10 48
-14 -2954 -2938; -421 1 53
-29 -2847 -3020; -417 -5 58
-14 -2877 -3094; -364 -12 63
62 -2913 -3207; -322 -18 66
93 -2823 -3174; -282 -27 71
46 -2711 -3066; -184 -36 76
88 -2688 -3046; -80 -37 75
16 -2676 -2916; -40 -39 74
-35 -2677 -2804; -49 -41 73
-98 -2693 -2893; -74 -36 70
-166 -2674 -2869; -96 -32 66
-235 -2680 -2901; -104 -30 63
-258 -2725 -2838; -65 -23 56
-264 -2669 -2814; -41 -15 51
-293 -2634 -2886; -49 -7 43
-280 -2646 -2964; -66 0 32
-276 -2631 -3004; -78 5 20
-290 -2642 -3044; -89 10 8
-317 -2707 -3024; -77 13 -4
-339 -2758 -2953; -49 15 -15
-372 -2700 -3040; -61 22 -25
-356 -2616 -3051; -49 22 -34
-336 -2472 -3004; -9 21 -45
-292 -2445 -3048; 14 21 -61
-262 -2516 -3052; 8 16 -76
-225 -2619 -3107; -27 7 -89
-198 -2749 -3204; -57 -1 -99
-179 -2808 -3231; -67 -13 -106
-172 -2823 -3213; -57 -28 -110
-154 -2818 -3172; -15 -42 -111
-155 -2797 -3170; 3 -56 -111
-137 -2832 -3193; 15 -72 -107
-131 -2783 -3271; 21 -89 -101
-154 -2832 -3049; 12 -107 -96
-157 -2773 -3165; -23 -113 -85
-178 -2804 -3147; -52 -123 -79
-202 -2744 -2963; -58 -140 -71
-201 -2728 -3012; -49 -141 -62
-132 -2723 -3101; -48 -141 -58
-92 -2575 -3244; -73 -148 -54
-160 -2659 -3147; -39 -153 -54
-203 -2739 -2690; -29 -154 -50
-214 -2629 -2870; -73 -133 -40
-197 -2883 -2972; -62 -118 -42
-208 -2734 -2806; -63 -118 -38
-213 -2683 -3071; -56 -101 -33
-176 -2685 -3092; -24 -87 -33
-170 -2527 -2986; 18 -79 -32
-206 -2480 -2865; 33 -64 -38
-255 -2590 -3077; 46 -48 -45
-297 -2471 -3029; 10 -47 -49
-252 -2605 -2998; -18 -45 -58
-235 -2552 -3104; -4 -30 -60
-256 -2526 -2914; 13 -29 -62
-215 -2590 -2931; 22 -26 -73
-176 -2587 -3044; 37 -17 -77
-126 -2611 -3083; 47 -20 -80
-114 -2768 -3198; 44 -20 -88
-128 -2793 -3224; 42 -24 -87
-160 -2846 -3158; 43 -34 -81
-153 -2818 -3163; 24 -43 -78
-198 -2680 -3118; 0 -50 -72
-230 -2654 -2982; 2 -55 -67
-209 -2757 -3102; 2 -58 -66
-140 -2592 -2967; -16 -63 -65
-127 -2700 -3279; 4 -58 -66
-135 -2541 -3157; 2 -66 -62
-147 -2735 -3172; 12 -75 -69
-200 -2791 -3144; 37 -77 -69
-221 -2542 -3048; 23 -79 -55
-205 -2610 -3061; 24 -75 -59
-195 -2636 -3041; 44 -68 -65
-162 -2703 -3058; 38 -64 -63
-154 -2748 -3093; 24 -65 -60
-119 -2686 -3121; 13 -67 -52
-139 -2541 -3134; -2 -63 -50
-180 -2620 -3081; 29 -60 -57
-183 -2710 -3219; 59 -63 -55
-201 -2631 -3285; 46 -70 -46
-94 -2766 -3458; 40 -71 -48
-77 -2618 -3062; 43 -76 -44
-253 -2665 -3108; 35 -82 -48
-152 -2690 -3101; 21 -75 -53
-218 -2573 -2998; -2 -87 -45
-163 -2580 -3098; -3 -83 -45
-141 -2663 -3144; 14 -78 -49
-155 -2562 -3077; 23 -84 -46
-190 -2646 -3290; 20 -80 -47
-186 -2662 -3079; 11 -85 -51
-260 -2584 -3072; 17 -83 -49
-218 -2722 -3035; 6 -77 -53
-226 -2574 -3030; 8 -75 -50
-179 -2580 -3067; 34 -74 -51
-67 -2679 -3056; 41 -73 -60
-113 -2836 -3152; 44 -61 -53
-170 -2596 -3123; -10 -56 -37
-228 -2710 -3164; -31 -61 -42
-248 -2481 -3110; -13 -56 -44
-230 -2622 -3022; 21 -56 -49
-210 -2592 -3077; 24 -60 -57
-189 -2561 -3148; 31 -64 -55
-169 -2585 -3125; 61 -61 -57
-158 -2550 -3086; 87 -60 -62
-163 -2571 -3044; 90 -60 -64
-199 -2460 -3164; 65 -55 -64
-179 -2607 -3181; 66 -56 -75
-216 -2689 -3023; 67 -67 -78
-192 -2688 -3157; 37 -59 -70
-188 -2785 -3200; 21 -57 -70
-145 -2535 -3066; -9 -65 -67
-144 -2707 -3160; 33 -64 -75
-153 -2620 -3031; 53 -66 -78
-188 -2563 -3037; 51 -67 -76
-204 -2587 -3082; 59 -63 -80
-218 -2609 -3127; 59 -67 -78
-253 -2574 -3120; 24 -72 -69
-242 -2500 -3216; 11 -68 -68
-246 -2611 -3205; 9 -65 -73
-190 -2580 -3183; 31 -71 -78
-187 -2657 -3185; 60 -74 -87
-143 -2736 -3174; 61 -80 -92
-150 -2720 -3055; 33 -83 -75
-237 -2627 -3108; 22 -77 -60
-131 -2592 -3111; 24 -76 -62
-110 -2558 -3043; 52 -81 -65
-168 -2554 -3066; 63 -69 -67
-143 -2541 -3077; 72 -62 -75
-213 -2743 -3045; 71 -71 -85
-87 -2736 -3117; 30 -68 -69
-159 -2653 -3108; -26 -59 -49
-103 -2525 -3060; -9 -49 -49
-192 -2453 -3113; 36 -44 -62
-208 -2494 -3071; 75 -43 -77
-202 -2559 -3070; 117 -47 -89
-217 -2786 -3126; 128 -47 -89
-159 -2714 -3082; 68 -47 -71
-100 -2672 -3066; 16 -34 -56
-19 -2595 -2979; 10 -20 -53
-31 -2521 -3091; -14 -10 -56
-41 -2570 -3110; -25 -17 -59
-94 -2669 -3096; -17 -27 -53
-201 -2524 -3251; -18 -25 -45
-216 -2576 -3293; 8 -35 -57
-174 -2588 -3266; 47 -58 -68
-154 -2595 -3273; 63 -70 -66
-156 -2623 -3228; 66 -72 -59
-188 -2680 -3099; 58 -75 -56
-174 -2705 -3176; 43 -79 -52
-146 -2438 -3129; 46 -87 -47
-139 -2692 -2949; 63 -88 -60
-47 -2598 -3166; 10 -76 -52
-54 -2448 -3108; -24 -84 -36
-128 -2828 -3151; 30 -79 -34
-185 -2630 -3139; 15 -67 -27
-169 -2697 -3160; -8 -71 -29
-141 -2645 -3199; -21 -74 -30
-190 -2568 -3147; -17 -66 -22
-246 -2433 -3138; -7 -61 -24
-223 -2316 -3169; 24 -67 -45
-164 -2449 -3059; 73 -74 -66
-166 -2570 -3061; 93 -69 -67
-205 -2577 -3118; 65 -47 -57
-197 -2619 -3242; 43 -32 -58
-197 -2638 -3206; 51 -36 -65
-159 -2698 -3218; 71 -49 -68
-176 -2637 -3204; 68 -58 -68
-181 -2670 -3139; 94 -60 -72
-167 -2660 -3025; 123 -64 -74
-144 -2668 -3036; 120 -69 -71
-125 -3697 -3023; 65 -64 -41
28 -1406 -3427; -99 -123 -4
-28 -3510 -3147; 119 -96 -119
-53 -2155 -3200; 106 -88 -76
-134 -2961 -3093; 76 -93 -63
-159 -2827 -3265; 28 -92 -79
-137 -2644 -3048; 14 -92 -55
-225 -2696 -3083; 12 -85 -46
-169 -2565 -3125; -12 -83 -53
-115 -2638 -3091; -12 -93 -59
207 -2554 -3206; -13 -89 -52
-12 -2671 -3105; -2 -80 -56
-41 -2345 -3255; 15 -70 -48
-128 -2548 -3107; 39 -85 -58
-275 -2635 -3121; 53 -96 -64
-332 -2586 -3144; 33 -88 -48
-294 -2524 -3087; 25 -81 -45
-229 -2508 -3094; 54 -73 -50
-276 -2464 -3191; 84 -67 -52
-189 -2621 -3137; 62 -70 -52
-28 -2732 -3100; 36 -75 -56
-78 -2672 -3113; 55 -59 -51
-10 -2648 -3164; 66 -42 -43
62 -2590 -3096; 50 -46 -40
-59 -2513 -3214; 45 -45 -39
-78 -2345 -3163; 48 -50 -43
-172 -2569 -3152; 60 -57 -68
-239 -2620 -3125; 71 -52 -65
-225 -2592 -3084; 78 -47 -50
-182 -2704 -3081; 79 -50 -51
-129 -2622 -3127; 73 -53 -52
-167 -2628 -3163; 57 -52 -47
-110 -2597 -3147; 60 -60 -48
-177 -2604 -3185; 63 -67 -48
-163 -2528 -3174; 62 -65 -42
-162 -2554 -3157; 50 -62 -41
-111 -2561 -3219; 55 -65 -45
-136 -2536 -3143; 87 -75 -57
-161 -2586 -3039; 124 -74 -82
-174 -2601 -3041; 104 -61 -80
-218 -2624 -3070; 83 -44 -67
-254 -2643 -3098; 67 -28 -54
-210 -2552 -3198; 64 -21 -57
-564 -2376 -3285; 91 -23 -81
388 -3073 -2651; 173 0 -143
-133 -2674 -3379; 172 -15 -100
-57 -2629 -3182; 61 -8 -52
-286 -2730 -3183; 2 -30 -52
-317 -2472 -3103; 47 -29 -56
-248 -2430 -3030; 66 -25 -64
-215 -2657 -3067; 80 -38 -72
-170 -2699 -3212; 76 -37 -54
-193 -2814 -3165; 75 -38 -36
-178 -2738 -3172; 85 -46 -32
-137 -2564 -3141; 91 -53 -34
-134 -2599 -3141; 105 -56 -40
-136 -2602 -3123; 120 -66 -37
-163 -2608 -3154; 116 -76 -36
-117 -2683 -3120; 76 -87 -39
-98 -2713 -3208; 61 -88 -32
-111 -2707 -3181; 30 -89 -16
-89 -2678 -3075; 15 -91 -12
-94 -2592 -3104; 44 -91 -25
-88 -2556 -3035; 67 -93 -42
-119 -2552 -3000; 71 -100 -55
-130 -2576 -2972; 60 -94 -60
-164 -2732 -3086; 52 -91 -58
-205 -2623 -3183; 41 -88 -48
-155 -2669 -3219; 43 -92 -46
-180 -2745 -3206; 46 -95 -49
-207 -2662 -3126; 40 -96 -44
-282 -2657 -3089; 24 -95 -45
-277 -2540 -2985; 9 -94 -51
-276 -2490 -2976; 15 -86 -59
-239 -2542 -3050; 34 -86 -61
-178 -2681 -3028; 47 -89 -55
-190 -2735 -3126; 66 -80 -42
-199 -2637 -3110; 81 -80 -42
-176 -2646 -3049; 86 -84 -55
-130 -2533 -3131; 59 -77 -57
-90 -2529 -3031; 49 -64 -59
-66 -2552 -3062; 44 -59 -69
-6 -2648 -3051; 46 -64 -72
-35 -2641 -3090; 46 -65 -69
-58 -2653 -3150; 49 -67 -68
-92 -2747 -3195; 49 -71 -73
-185 -2711 -3150; 59 -73 -66
-261 -2610 -3075; 66 -72 -55
-209 -2686 -3028; 61 -67 -61
-173 -2616 -3040; 48 -68 -58
-162 -2555 -3097; 31 -80 -50
-146 -2665 -3150; 38 -95 -49
-203 -2697 -3230; 49 -95 -46
-212 -2700 -3205; 57 -98 -35
-230 -2683 -3158; 62 -96 -27
-252 -2613 -3106; 66 -94 -28
-127 -2553 -3095; 88 -90 -36
-118 -2581 -2949; 89 -101 -41
-99 -2578 -3072; 49 -93 -37
-121 -2678 -3130; 32 -93 -36
-174 -2584 -3199; 19 -102 -36
-173 -2550 -3109; 39 -114 -43
-243 -2609 -3060; 82 -105 -51
-329 -2531 -3057; 119 -91 -53
-378 -2599 -3089; 130 -87 -65
-299 -2619 -3082; 109 -99 -75
-275 -2592 -3034; 100 -92 -76
-264 -2612 -3020; 88 -81 -76
-137 -2495 -3084; 55 -77 -85
-41 -2588 -3153; 33 -81 -107
53 -2714 -3085; 34 -75 -115
20 -2695 -3128; 22 -65 -99
8 -2531 -3144; 11 -80 -94
-43 -2610 -3182; 42 -104 -110
-48 -2613 -3285; 62 -116 -112
-115 -2451 -3141; 64 -115 -108
-198 -2591 -2942; 62 -101 -124
-198 -2761 -3157; 44 -79 -128
-204 -2608 -2922; -18 -81 -122
-164 -2735 -3358; -43 -83 -121
-192 -2654 -3317; 2 -97 -117
-167 -2601 -3107; 52 -105 -113
-196 -2631 -3162; 82 -100 -116
-176 -2629 -2983; 70 -100 -114
-174 -2701 -2975; 52 -101 -112
-204 -2611 -3164; 25 -92 -109
-149 -2614 -3130; 30 -97 -105
-152 -2572 -3270; 37 -99 -101
-163 -2621 -3287; 61 -105 -98
-196 -2700 -3182; 62 -112 -95
-172 -2691 -3085; 50 -121 -89
-152 -2705 -2965; 67 -126 -85
-169 -2727 -2946; 90 -129 -82
-183 -2760 -2976; 106 -128 -77
-175 -2842 -2897; 92 -130 -74
-181 -3022 -2724; 0 -131 -70
-178 -3366 -2417; -198 -130 -61
-348 -2826 -2587; -566 -125 -42
-191 -2679 -3132; -852 -111 -36
-51 -2470 -3288; -851 -107 -35
-45 -2251 -3596; -760 -109 -31
-122 -2239 -3612; -635 -110 -38
