-2378 -3065 -927; 186 47 -45
-2466 -3122 -1042; 183 57 -54
-2479 -3193 -1117; 157 60 -58
-2476 -3251 -1084; 158 60 -62
-2369 -3297 -1095; 162 66 -61
-2300 -3275 -1046; 115 62 -56
-2300 -3267 -1076; 74 63 -54
-2254 -3448 -1192; 200 74 -52
-2253 -3287 -920; 252 75 -47
-2249 -3340 -1088; 145 82 -50
-2626 -2781 -1238; 84 83 -41
-2569 -3140 -1111; -75 73 -48
-1966 -3338 -1313; -378 67 -60
-1927 -2669 -1793; -280 84 -45
-2387 -3066 -505; 139 64 -66
-2576 -3208 -1085; 423 90 -66
-2270 -3170 -1340; 550 118 -57
-2101 -3045 -932; 557 95 -73
-2141 -2701 -1262; 562 118 -61
-2285 -3029 -1003; 392 117 -67
-2339 -3202 -1042; -61 90 -83
-2103 -3115 -1180; -756 80 -70
-2070 -3131 -1137; -718 72 -69
-2108 -3116 -1316; -574 83 -56
-2120 -3479 -1206; -392 78 -55
-2154 -3316 -1423; -173 78 -41
-2272 -3339 -1833; 156 84 -22
-2353 -3056 -1615; 437 68 -12
-2504 -2966 -1907; 548 47 -3
-2420 -2845 -1718; 481 19 5
-2385 -2770 -1808; 261 -22 2
-2308 -2786 -1759; 106 -46 -1
-2335 -2754 -1238; 56 -78 -3
-2297 -2947 -1088; 69 -98 -8
-2195 -2926 -1069; 71 -107 -6
-2144 -2957 -1027; 75 -116 -2
-2186 -3056 -1133; 85 -121 -5
-2241 -2996 -1168; 92 -129 1
-2242 -3024 -1185; 47 -137 6
-2236 -3036 -1176; -20 -146 7
-2221 -3016 -1102; -25 -156 15
-2239 -2988 -1112; -27 -162 25
-2266 -3026 -1140; -54 -165 29
-2269 -2992 -1080; -84 -172 36
-2319 -2836 -1085; -178 -175 43
-2530 -2944 -1264; -409 -184 45
-2602 -3045 -1296; -472 -188 50
-2535 -3038 -1294; -425 -185 60
-2415 -3108 -1121; -406 -190 68
-2348 -3101 -1112; -409 -188 74
-2430 -3061 -1197; -380 -181 86
-2539 -3073 -1325; -317 -176 94
-2472 -3103 -1135; -196 -170 101
-2387 -3030 -1261; -79 -157 112
-2242 -3014 -1344; -86 -154 118
-2245 -3026 -1198; -6 -152 119
-2416 -2872 -1437; 59 -134 125
-2535 -2820 -1296; 50 -135 119
-2523 -2694 -1253; -30 -139 113
-2413 -2616 -1363; -181 -130 104
-2390 -2748 -1235; -324 -135 84
-2443 -2662 -1360; -413 -137 71
-2430 -2687 -1426; -387 -127 59
-2430 -2759 -1321; -311 -123 38
-2410 -2634 -1324; -264 -119 26
-2388 -2655 -1308; -236 -111 13
-2420 -2698 -1282; -247 -105 -6
-2443 -2673 -1314; -279 -99 -20
-2472 -2666 -1364; -288 -94 -35
-2459 -2659 -1393; -285 -88 -50
-2438 -2610 -1463; -327 -82 -65
-2522 -2696 -1467; -381 -80 -81
-2554 -2691 -1481; -389 -79 -97
-2498 -2716 -1481; -337 -75 -110
-2415 -2721 -1428; -282 -73 -122
-2341 -2670 -1422; -272 -72 -133
-2363 -2723 -1476; -293 -70 -145
-2387 -2700 -1520; -336 -74 -156
-2431 -2804 -1546; -353 -77 -164
-2454 -2828 -1539; -332 -79 -168
-2452 -2884 -1519; -322 -82 -172
-2467 -2970 -1585; -315 -83 -173
-2507 -2941 -1592; -273 -87 -170
-2462 -2960 -1558; -255 -92 -164
-2397 -2950 -1584; -282 -98 -159
-2374 -2936 -1566; -311 -104 -154
-2403 -2985 -1547; -321 -108 -149
-2429 -3018 -1544; -301 -111 -142
-2444 -3040 -1561; -263 -113 -131
-2407 -3038 -1557; -233 -117 -124
-2401 -3022 -1564; -198 -117 -114
-2487 -2991 -1624; -138 -117 -104
-2551 -2948 -1666; -65 -120 -95
-2486 -2940 -1644; -13 -120 -86
-2382 -2892 -1654; -3 -123 -79
-2387 -2879 -1625; -14 -126 -74
-2370 -2854 -1608; -36 -132 -66
-2383 -2804 -1594; -73 -131 -61
-2387 -2796 -1571; -91 -133 -59
-2423 -2763 -1612; -78 -131 -58
-2434 -2722 -1593; -49 -130 -54
-2395 -2740 -1557; -25 -126 -55
-2378 -2736 -1621; -7 -121 -53
-2440 -2729 -1609; -7 -119 -52
-2465 -2747 -1631; -27 -116 -55
-2459 -2732 -1657; -58 -112 -55
-2432 -2761 -1655; -80 -109 -56
-2412 -2756 -1631; -84 -105 -58
-2443 -2732 -1652; -70 -100 -56
-2444 -2732 -1624; -47 -96 -56
-2390 -2737 -1632; -36 -90 -56
-2384 -2724 -1656; -49 -86 -56
-2407 -2735 -1659; -53 -78 -56
-2428 -2755 -1653; -34 -73 -53
-2383 -2738 -1644; -13 -67 -51
-2358 -2755 -1635; -12 -60 -51
-2352 -2732 -1643; -22 -55 -46
-2363 -2739 -1651; -35 -49 -41
-2370 -2756 -1662; -44 -45 -36
-2373 -2792 -1638; -44 -43 -30
-2378 -2813 -1625; -48 -39 -25
-2375 -2842 -1669; -59 -38 -17
-2415 -2858 -1685; -61 -38 -7
-2402 -2871 -1655; -50 -39 3
-2412 -2870 -1682; -47 -40 13
-2432 -2883 -1691; -76 -46 23
-2457 -2895 -1703; -129 -54 32
-2486 -2956 -1702; -171 -64 41
-2461 -2956 -1720; -174 -74 50
-2467 -3024 -1736; -166 -86 59
-2468 -3015 -1784; -225 -105 65
-2516 -3023 -1845; -373 -129 70
-2631 -3054 -1934; -550 -158 69
-2621 -3151 -1988; -704 -197 61
-2495 -3181 -2079; -805 -235 50
-2402 -3330 -2205; -767 -273 39
-2337 -3503 -2237; -574 -314 17
-2324 -3617 -2339; -308 -353 -7
-2388 -3742 -2468; -78 -396 -40
-2339 -3734 -2629; 26 -454 -81
-2240 -3646 -2748; 91 -509 -128
-2201 -3690 -2962; 211 -551 -194
-2213 -3673 -2883; 369 -586 -269
-2301 -3526 -2895; 542 -615 -341
-2336 -3449 -2810; 667 -651 -436
-2272 -3389 -2240; 774 -725 -557
-2279 -3226 -2034; 908 -729 -676
-2329 -3235 -1488; 1031 -703 -806
-2405 -3212 -1060; 1152 -652 -940
-2475 -3273 -626; 1273 -561 -1073
-2506 -3319 -293; 1392 -448 -1212
-2467 -3416 -30; 1443 -315 -1345
-2267 -3592 75; 1449 -149 -1471
-2064 -3784 153; 1437 42 -1586
-1918 -4013 201; 1427 244 -1690
-1812 -4229 176; 1369 451 -1778
-1663 -4397 178; 1281 651 -1852
-1492 -4658 77; 1233 857 -1910
-1359 -4859 -36; 1260 1059 -1950
-1174 -5006 -152; 1359 1251 -1971
-1037 -5074 -363; 1478 1432 -1982
-1086 -5070 -553; 1605 1588 -1986
-1055 -4977 -633; 1680 1713 -1987
-919 -4996 -762; 1629 1818 -1990
-766 -4904 -883; 1561 1909 -1988
-832 -4742 -1097; 1594 1979 -1975
-924 -4628 -1251; 1601 2021 -1976
-811 -4366 -1272; 1443 2029 -1979
-649 -4121 -1485; 1172 2024 -1986
-605 -3795 -1668; 963 2006 -1992
-489 -3525 -1698; 863 1963 -2000
-333 -3371 -1814; 770 1903 -2017
-305 -3226 -1874; 660 1828 -2041
-344 -3076 -1896; 580 1740 -2070
-521 -2992 -1858; 497 1642 -2108
-624 -2733 -1776; 398 1528 -2146
-609 -2502 -1697; 312 1400 -2188
-568 -2360 -1749; 245 1273 -2235
-501 -2195 -1797; 201 1138 -2279
-396 -2050 -1906; 120 999 -2324
-330 -1964 -2018; -93 839 -2373
-219 -1905 -2075; -349 661 -2419
-93 -1845 -2243; -555 502 -2451
-59 -1857 -2267; -699 338 -2482
-53 -1834 -2238; -832 165 -2507
36 -1809 -2237; -972 -1 -2522
121 -1895 -2257; -1088 -161 -2527
216 -2006 -2316; -1200 -317 -2525
386 -2141 -2313; -1306 -468 -2511
495 -2096 -2320; -1408 -612 -2485
545 -2066 -2276; -1578 -748 -2458
618 -2085 -2237; -1741 -874 -2426
699 -2205 -2334; -1811 -987 -2378
795 -2358 -2380; -1830 -1098 -2317
856 -2491 -2415; -1874 -1205 -2245
887 -2374 -2422; -1958 -1312 -2151
931 -2296 -2238; -2085 -1400 -2062
935 -2713 -2366; -2221 -1461 -1993
885 -3166 -2266; -2401 -1519 -1897
823 -3680 -1747; -2563 -1581 -1755
944 -3802 -1553; -2657 -1612 -1571
1060 -4125 -1259; -2545 -1612 -1375
1038 -4447 -1212; -2344 -1598 -1178
953 -4797 -937; -2155 -1592 -956
1187 -5160 -466; -1876 -1603 -682
944 -5206 -823; -1507 -1590 -365
1062 -5354 -989; -1037 -1538 -27
1261 -5325 -951; -512 -1529 328
1361 -5145 -1317; -78 -1501 700
1460 -4959 -1549; 282 -1460 1073
1488 -4541 -1697; 590 -1435 1435
1625 -4222 -1903; 862 -1403 1775
1626 -3954 -2057; 1084 -1357 2094
1673 -3706 -2155; 1212 -1318 2392
1754 -3721 -2251; 1265 -1277 2656
1725 -3828 -2381; 1291 -1232 2888
1683 -3761 -2384; 1351 -1195 3103
1687 -3675 -2502; 1494 -1157 3303
1717 -3599 -2767; 1672 -1117 3479
1686 -3588 -3006; 1807 -1074 3631
1640 -3536 -3163; 1827 -1044 3754
1587 -3440 -3397; 1817 -1029 3859
1314 -3065 -3456; 1794 -1013 3932
930 -3159 -3480; 1618 -1029 3950
623 -3036 -3431; 1457 -1067 3952
472 -3282 -3302; 1382 -1094 3933
392 -3470 -3707; 1366 -1087 3910
108 -2958 -3605; 1385 -1100 3896
-257 -2957 -3129; 1535 -1141 3813
-707 -2819 -3203; 1660 -1145 3689
-1264 -2242 -2753; 1700 -1143 3562
-1826 -1911 -2168; 1728 -1145 3389
-2228 -2083 -2085; 1627 -1123 3145
-2460 -1788 -1937; 1437 -1109 2902
-2394 -1676 -1666; 1331 -1099 2642
-2429 -1980 -1657; 1353 -1055 2339
-2691 -2049 -1532; 1556 -998 2056
-2765 -1964 -1183; 1820 -945 1798
-2893 -2054 -1121; 1820 -884 1532
-3007 -2064 -1004; 1339 -827 1265
-2965 -2071 -1042; 507 -782 1017
-3001 -2395 -990; -333 -781 765
-2879 -2713 -886; -876 -804 528
-2573 -2992 -866; -1042 -743 336
-2468 -3187 -904; -889 -655 166
-2472 -3193 -1060; -641 -588 26
-2405 -3285 -1155; -454 -526 -95
-2408 -3376 -1212; -357 -467 -196
-2507 -3520 -1141; -372 -415 -274
-2470 -3669 -1052; -444 -369 -332
-2432 -3858 -965; -495 -318 -371
-2407 -4016 -936; -475 -264 -390
-2391 -4149 -1004; -430 -212 -393
-2324 -4157 -1053; -401 -165 -383
-2232 -4193 -1216; -351 -121 -363
-2166 -4164 -1349; -247 -83 -331
-2156 -4086 -1402; -110 -52 -296
-2226 -3997 -1481; 7 -27 -260
-2274 -3889 -1478; 85 -11 -219
-2268 -3812 -1451; 117 3 -179
-2239 -3782 -1447; 105 10 -142
-2274 -3655 -1390; 70 16 -105
-2284 -3590 -1410; 48 18 -70
-2265 -3489 -1429; 52 22 -38
-2241 -3361 -1452; 94 23 -7
-2286 -3294 -1492; 172 25 17
-2305 -3161 -1545; 260 21 39
-2321 -3041 -1510; 355 17 58
-2326 -2997 -1494; 422 14 70
-2421 -2854 -1415; 450 8 79
-2492 -2792 -1353; 422 1 81
-2502 -2745 -1323; 305 -5 79
-2458 -2691 -1272; 123 -15 79
-2462 -2715 -1197; -10 -20 70
-2513 -2706 -1196; -63 -17 61
-2544 -2684 -1186; -43 -18 55
-2507 -2676 -1221; 26 -17 46
-2480 -2640 -1264; 98 -11 37
-2511 -2590 -1260; 141 -10 24
-2540 -2573 -1271; 150 -12 12
-2528 -2560 -1230; 131 -12 -1
-2517 -2578 -1202; 80 -15 -16
-2536 -2607 -1151; 21 -17 -29
-2566 -2632 -1132; -18 -19 -41
-2596 -2675 -1138; -50 -20 -49
-2642 -2721 -1141; -91 -22 -55
-2608 -2768 -1170; -133 -25 -60
-2564 -2843 -1191; -156 -25 -64
-2559 -2897 -1218; -138 -28 -61
-2588 -2963 -1221; -94 -32 -58
-2565 -2990 -1210; -40 -36 -52
-2562 -2989 -1226; -1 -43 -45
-2546 -2987 -1229; 2 -50 -37
-2590 -2985 -1239; -38 -60 -28
-2568 -3001 -1219; -107 -69 -21
-2539 -3086 -1222; -148 -80 -13
-2576 -3080 -1229; -169 -92 -4
-2593 -3135 -1230; -178 -103 6
-2542 -3139 -1246; -153 -111 16
-2522 -3115 -1254; -95 -119 27
-2522 -3125 -1255; -47 -129 33
-2504 -3102 -1275; -21 -140 40
-2508 -3062 -1285; 3 -152 43
-2515 -3048 -1293; 48 -159 44
-2531 -2958 -1305; 112 -172 46
-2565 -2951 -1314; 141 -184 42
-2535 -2916 -1302; 119 -199 34
-2532 -2917 -1288; 51 -212 25
-2545 -2968 -1287; -10 -224 11
-2547 -3042 -1270; -48 -237 -3
-2550 -3095 -1291; -44 -245 -16
-2530 -3132 -1281; 27 -253 -30
-2554 -3207 -1354; 117 -256 -44
-2581 -3313 -1360; 181 -263 -57
-2528 -3407 -1382; 226 -273 -71
-2473 -3536 -1434; 228 -280 -87
-2491 -3654 -1443; 214 -291 -101
-2521 -3731 -1559; 230 -303 -116
-2582 -3887 -1643; 277 -315 -131
-2577 -3954 -1729; 305 -335 -148
-2567 -4092 -1726; 308 -359 -169
-2499 -4225 -1787; 335 -383 -192
-2481 -4325 -1777; 404 -407 -218
-2566 -4455 -1685; 587 -428 -255
-2672 -4406 -1588; 904 -441 -289
-2834 -4302 -1489; 1247 -456 -327
-2870 -4270 -1548; 1501 -475 -379
-2714 -4155 -1568; 1607 -502 -437
-2573 -4047 -1620; 1659 -530 -506
-2656 -3974 -1731; 1696 -548 -598
-2736 -3887 -1422; 1853 -568 -690
-2648 -3649 -1013; 2098 -578 -783
-2613 -3608 -720; 2369 -562 -896
-2572 -3331 -315; 2566 -539 -1018
-2556 -3217 -74; 2579 -506 -1159
-2365 -3042 153; 2463 -473 -1316
-2408 -2954 1089; 2321 -452 -1486
-2384 -3027 1734; 2076 -330 -1647
-2205 -2933 1707; 1765 -81 -1815
-1979 -2972 1944; 1524 138 -1991
-1663 -3344 1989; 1285 323 -2166
-1377 -3632 1837; 1108 532 -2319
-1208 -3913 1543; 998 751 -2440
-1052 -4215 1382; 861 945 -2543
-966 -4396 1114; 759 1123 -2617
-890 -4435 817; 754 1289 -2657
-746 -4547 678; 821 1419 -2687
-606 -4376 465; 886 1524 -2697
-597 -4291 237; 817 1605 -2697
-565 -4248 145; 546 1651 -2690
-611 -3954 -144; 140 1681 -2668
-472 -3860 -175; -250 1697 -2639
-419 -3681 -251; -564 1703 -2601
-486 -3489 -475; -850 1707 -2564
-633 -3509 -564; -1010 1690 -2535
-620 -3290 -633; -1000 1658 -2505
-542 -3227 -795; -867 1617 -2485
-545 -3221 -960; -678 1562 -2477
-521 -3249 -1023; -542 1489 -2481
-583 -3285 -1070; -547 1402 -2500
-761 -3097 -1085; -736 1294 -2525
-814 -2725 -1044; -1011 1174 -2554
-710 -2428 -1115; -1227 1058 -2598
-457 -2186 -1200; -1233 958 -2648
-150 -2085 -1295; -1105 860 -2704
92 -2244 -1437; -963 770 -2767
255 -2286 -1655; -911 673 -2826
299 -2298 -1777; -1094 530 -2886
395 -2282 -1706; -1396 377 -2947
507 -2193 -1678; -1569 241 -2988
719 -2313 -1624; -1537 130 -3015
914 -2448 -1628; -1410 22 -3035
1078 -2462 -1814; -1318 -85 -3042
1222 -2503 -1843; -1230 -187 -3036
1322 -2546 -1891; -1194 -278 -3018
1601 -2579 -2178; -1244 -390 -2989
1809 -2709 -2318; -1286 -573 -2949
1900 -2864 -2367; -1365 -713 -2879
1962 -2622 -2129; -1486 -849 -2783
1961 -2424 -1670; -1608 -963 -2696
1872 -2585 -2456; -1729 -1007 -2643
1917 -3197 -1963; -1834 -1111 -2595
1972 -2974 -1970; -1913 -1236 -2443
2027 -3149 -1793; -1892 -1369 -2307
2178 -3046 -2191; -1912 -1350 -2129
2111 -3185 -1824; -1858 -1453 -1986
2218 -3278 -1830; -1774 -1528 -1837
2202 -3318 -1729; -1727 -1602 -1655
2208 -3271 -1472; -1651 -1665 -1473
2195 -3338 -1555; -1574 -1718 -1287
2318 -3504 -1399; -1479 -1756 -1082
2243 -3432 -1269; -1342 -1795 -867
2123 -3291 -1252; -1198 -1790 -647
2245 -3421 -1280; -973 -1778 -429
2170 -3452 -1207; -657 -1815 -212
2170 -3394 -1374; -317 -1833 17
2174 -3261 -1599; -72 -1806 260
2168 -3223 -1728; 150 -1806 497
2368 -3070 -1720; 355 -1813 731
2268 -3133 -1748; 559 -1804 964
2160 -3008 -1823; 756 -1772 1197
2282 -2981 -1896; 936 -1744 1422
2365 -3103 -1887; 1107 -1730 1633
2180 -3095 -1865; 1283 -1678 1849
2571 -3024 -2274; 1470 -1581 2048
2403 -3073 -2051; 1685 -1573 2223
2245 -2999 -2084; 1827 -1475 2425
2188 -2903 -2300; 1921 -1378 2603
2125 -2959 -2213; 1961 -1295 2756
2044 -2889 -2256; 1977 -1213 2895
1898 -2878 -2295; 1949 -1121 3025
1728 -2977 -2247; 1807 -1051 3125
1579 -2953 -2201; 1605 -977 3203
1381 -3019 -2366; 1476 -907 3269
1205 -3172 -2468; 1436 -854 3320
1116 -3152 -2520; 1412 -811 3356
1099 -3081 -2615; 1427 -762 3375
901 -2908 -2749; 1590 -711 3379
520 -2529 -2657; 1637 -664 3348
205 -3610 -2965; 1181 -630 3269
-33 -3938 -3380; 481 -659 3225
-434 -1916 -3041; 106 -735 3294
-404 -3314 -2965; 146 -792 3194
-372 -3614 -3165; 240 -838 3025
-823 -2791 -2901; 653 -858 2971
-1109 -3209 -2826; 1279 -848 2843
-1457 -2944 -2904; 1531 -834 2701
-1570 -2424 -2705; 1338 -831 2590
-1964 -2730 -3035; 839 -807 2442
-1995 -2438 -2980; 326 -841 2292
-1885 -2501 -2834; 143 -913 2092
-1962 -2915 -2749; 342 -1002 1812
-2216 -3299 -1729; 833 -1098 1601
-2246 -3127 -1962; 1298 -968 1573
-2262 -2946 -2145; 1603 -877 1443
-2261 -2782 -1860; 1453 -861 1288
-2273 -2748 -1836; 764 -871 1134
-2444 -2918 -1807; -87 -877 988
-2514 -3068 -1431; -685 -908 845
-2595 -3383 -1498; -859 -910 704
-2727 -3263 -1367; -631 -867 575
-2477 -3277 -1566; -245 -766 470
-2371 -3224 -1618; 105 -705 361
-2330 -3273 -1617; 377 -667 263
-2307 -3282 -1658; 549 -616 183
-2337 -3317 -1579; 630 -573 111
-2423 -3325 -1474; 502 -537 42
-2407 -3257 -1393; 167 -506 -15
-2364 -3288 -1324; -204 -476 -66
-2269 -3323 -1272; -462 -441 -113
-2185 -3415 -1316; -552 -400 -150
-2109 -3455 -1385; -500 -354 -179
-2098 -3462 -1442; -335 -305 -200
-2118 -3425 -1493; -131 -260 -213
-2148 -3398 -1508; -2 -223 -223
-2180 -3343 -1515; -2 -192 -232
-2239 -3263 -1497; -75 -168 -237
-2282 -3293 -1468; -185 -145 -241
-2266 -3264 -1468; -300 -126 -243
-2204 -3304 -1493; -343 -105 -240
-2198 -3299 -1582; -312 -83 -233
-2207 -3275 -1621; -240 -61 -225
-2227 -3248 -1662; -154 -45 -215
-2221 -3228 -1660; -88 -30 -204
-2298 -3192 -1595; -41 -21 -191
-2317 -3199 -1549; 0 -10 -178
-2320 -3192 -1518; 14 -1 -163
-2314 -3157 -1489; 11 5 -147
-2282 -3131 -1538; 4 13 -132
-2325 -3060 -1521; 4 19 -115
-2287 -3015 -1520; 21 23 -99
-2232 -2995 -1499; 41 27 -85
-2225 -2961 -1495; 61 29 -71
-2237 -2952 -1558; 74 31 -57
-2240 -2929 -1564; 96 29 -44
-2248 -2907 -1594; 118 28 -31
-2244 -2882 -1630; 127 23 -21
-2239 -2850 -1621; 122 18 -9
-2284 -2816 -1609; 89 11 1
-2305 -2784 -1615; 23 1 8
-2323 -2773 -1575; -59 -10 13
-2308 -2762 -1551; -115 -16 19
-2328 -2754 -1499; -131 -21 23
-2363 -2805 -1521; -103 -25 26
-2353 -2831 -1535; -61 -29 29
-2331 -2850 -1581; -14 -32 32
-2342 -2816 -1613; 34 -35 36
-2375 -2810 -1616; 64 -41 38
-2387 -2790 -1613; 66 -49 41
-2402 -2821 -1593; 46 -57 44
-2403 -2800 -1579; 14 -63 46
-2416 -2832 -1580; -27 -71 46
-2457 -2837 -1549; -47 -77 48
-2443 -2838 -1553; -49 -81 51
-2429 -2859 -1585; -39 -84 51
-2446 -2823 -1546; -19 -89 55
-2433 -2827 -1573; 6 -90 55
-2420 -2842 -1604; 17 -94 56
-2392 -2825 -1603; 16 -99 59
-2391 -2840 -1615; 27 -101 59
-2411 -2793 -1589; 51 -103 58
-2416 -2790 -1569; 48 -107 58
-2417 -2792 -1565; 11 -109 56
-2418 -2777 -1549; -35 -110 54
-2426 -2815 -1552; -56 -112 51
-2443 -2821 -1563; -48 -110 48
-2448 -2815 -1556; -16 -105 46
-2438 -2808 -1530; 19 -103 45
-2438 -2807 -1525; 35 -100 41
-2433 -2826 -1495; 39 -94 38
-2427 -2818 -1478; 34 -87 32
-2432 -2819 -1478; 24 -82 29
-2479 -2803 -1471; 28 -75 25
-2499 -2793 -1490; 28 -68 21
-2491 -2818 -1518; -5 -65 14
-2464 -2788 -1521; -39 -60 8
-2494 -2797 -1575; -48 -53 3
-2489 -2821 -1572; -35 -49 -4
-2466 -2814 -1580; -16 -48 -8
-2430 -2812 -1609; 17 -42 -15
-2416 -2815 -1585; 60 -37 -19
-2448 -2788 -1585; 87 -37 -24
-2491 -2789 -1613; 92 -37 -29
-2440 -2792 -1606; 64 -39 -34
-2407 -2791 -1626; 19 -41 -38
-2400 -2794 -1626; -5 -44 -44
-2422 -2771 -1631; -5 -45 -49
-2442 -2758 -1618; 7 -44 -53
-2409 -2757 -1606; 13 -48 -56
-2417 -2792 -1639; 18 -50 -60
-2431 -2833 -1625; 19 -51 -64
-2447 -2818 -1621; 16 -56 -66
-2406 -2860 -1591; 14 -57 -67
-2379 -2851 -1581; 19 -57 -67
-2429 -2842 -1587; 37 -55 -69
-2460 -2821 -1589; 59 -56 -68
-2451 -2819 -1575; 68 -57 -69
-2405 -2820 -1584; 64 -56 -71
-2408 -2808 -1617; 45 -55 -73
-2387 -2794 -1601; 32 -58 -73
-2405 -2770 -1612; 48 -57 -76
-2416 -2762 -1572; 74 -57 -78
-2403 -2769 -1572; 82 -58 -80
-2429 -2756 -1549; 80 -55 -82
-2469 -2743 -1533; 79 -53 -84
-2441 -2743 -1556; 68 -52 -86
-2415 -2746 -1558; 47 -51 -90
-2437 -2782 -1581; 35 -49 -93
-2455 -2767 -1565; 31 -47 -94
-2436 -2797 -1562; 26 -45 -95
-2424 -2786 -1587; 17 -44 -96
-2446 -2780 -1576; 10 -43 -97
-2452 -2771 -1600; 25 -43 -97
-2453 -2790 -1594; 35 -41 -97
-2432 -2781 -1569; 32 -40 -97
-2409 -2783 -1583; 38 -40 -98
-2428 -2785 -1575; 54 -40 -97
-2433 -2772 -1568; 57 -39 -95
-2436 -2777 -1582; 52 -39 -94
-2439 -2769 -1559; 42 -39 -92
-2405 -2800 -1579; 31 -40 -90
-2405 -2818 -1586; 29 -40 -87
-2399 -2836 -1564; 36 -42 -83
-2387 -2842 -1606; 52 -42 -79
-2424 -2838 -1584; 79 -43 -72
-2425 -2813 -1551; 101 -45 -65
-2409 -2820 -1569; 108 -44 -60
-2407 -2814 -1560; 109 -47 -54
-2425 -2814 -1574; 100 -49 -50
-2407 -2814 -1615; 90 -52 -45
-2384 -2809 -1612; 92 -56 -39
-2406 -2797 -1618; 96 -58 -36
-2444 -2771 -1616; 104 -60 -33
-2415 -2762 -1623; 106 -65 -32
-2397 -2736 -1622; 113 -68 -30
-2392 -2744 -1602; 125 -69 -31
-2421 -2717 -1602; 123 -71 -29
-2431 -2730 -1572; 96 -73 -32
-2421 -2723 -1551; 64 -75 -34
-2426 -2731 -1539; 52 -75 -37
-2443 -2721 -1526; 55 -74 -39
-2474 -2746 -1547; 57 -72 -42
-2455 -2760 -1587; 60 -68 -45
-2435 -2734 -1622; 71 -68 -48
-2455 -2751 -1625; 81 -67 -49
-2447 -2755 -1616; 75 -68 -52
-2453 -2754 -1591; 52 -68 -55
-2454 -2774 -1558; 25 -69 -57
-2459 -2803 -1556; 4 -66 -58
-2440 -2810 -1559; 5 -65 -58
-2468 -2805 -1595; 24 -62 -58
-2463 -2799 -1581; 50 -60 -56
-2457 -2796 -1581; 68 -59 -55
-2438 -2808 -1610; 72 -56 -54
-2430 -2823 -1599; 62 -58 -53
-2419 -2826 -1613; 44 -57 -52
-2403 -2837 -1624; 32 -57 -50
-2399 -2825 -1641; 44 -58 -49
-2429 -2827 -1628; 67 -55 -46
-2413 -2791 -1609; 82 -56 -44
-2416 -2792 -1626; 85 -56 -44
-2401 -2792 -1620; 93 -52 -43
-2389 -2768 -1608; 94 -53 -43
-2364 -2769 -1614; 83 -54 -43
-2379 -2760 -1585; 90 -53 -43
-2401 -2766 -1579; 105 -51 -45
-2409 -2751 -1586; 110 -49 -45
-2397 -2749 -1560; 111 -49 -46
-2426 -2742 -1563; 103 -46 -47
-2428 -2767 -1587; 67 -44 -50
-2418 -2767 -1591; 33 -44 -51
-2390 -2774 -1600; 30 -41 -51
-2408 -2777 -1594; 45 -39 -53
-2412 -2776 -1622; 54 -37 -53
-2396 -2778 -1604; 55 -36 -53
-2385 -2795 -1612; 61 -35 -54
-2407 -2749 -1617; 70 -34 -53
-2412 -2763 -1596; 79 -34 -53
-2375 -2777 -1610; 75 -34 -55
-2371 -2774 -1586; 60 -34 -53
-2390 -2808 -1589; 55 -33 -54
-2416 -2807 -1571; 56 -31 -52
-2406 -2815 -1574; 62 -30 -50
-2425 -2816 -1580; 65 -27 -47
-2432 -2827 -1572; 63 -27 -46
-2432 -2845 -1560; 54 -25 -43
-2404 -2828 -1576; 42 -23 -41
-2402 -2825 -1579; 42 -22 -37
-2393 -2821 -1584; 53 -20 -35
-2396 -2814 -1598; 64 -21 -33
-2397 -2805 -1607; 80 -20 -30
-2400 -2788 -1597; 96 -20 -30
-2385 -2771 -1605; 105 -20 -29
-2387 -2769 -1612; 96 -21 -30
-2419 -2786 -1599; 71 -23 -29
-2433 -2773 -1589; 50 -22 -30
-2435 -2766 -1598; 47 -23 -30
-2412 -2766 -1604; 64 -25 -31
-2415 -2771 -1605; 87 -24 -32
-2426 -2753 -1602; 98 -24 -33
-2414 -2756 -1628; 92 -26 -35
-2439 -2772 -1607; 85 -29 -36
-2439 -2781 -1647; 79 -28 -37
-2428 -2808 -1644; 71 -33 -37
-2422 -2779 -1666; 64 -37 -36
-2412 -2808 -1642; 67 -39 -39
-2429 -2777 -1631; 78 -42 -39
-2441 -2756 -1609; 82 -43 -38
-2443 -2756 -1614; 81 -45 -41
-2441 -2748 -1599; 76 -47 -42
-2444 -2737 -1618; 62 -47 -45
-2415 -2769 -1653; 51 -49 -47
-2394 -2767 -1650; 46 -52 -49
-2384 -2785 -1662; 44 -55 -49
-2392 -2805 -1649; 45 -57 -48
-2400 -2786 -1643; 47 -60 -48
-2399 -2817 -1640; 46 -61 -50
-2387 -2789 -1614; 38 -63 -50
-2368 -2794 -1631; 39 -65 -51
-2404 -2792 -1623; 48 -65 -49
-2420 -2785 -1625; 50 -66 -48
-2396 -2784 -1622; 42 -69 -50
-2388 -2777 -1650; 34 -70 -52
-2402 -2766 -1613; 38 -70 -52
-2397 -2771 -1595; 49 -71 -52
-2384 -2764 -1586; 56 -68 -53
-2408 -2756 -1595; 63 -67 -54
-2421 -2768 -1598; 62 -65 -55
-2418 -2777 -1620; 50 -65 -56
-2423 -2768 -1600; 42 -61 -56
-2421 -2774 -1580; 46 -61 -59
-2442 -2788 -1585; 48 -58 -59
-2447 -2762 -1546; 47 -53 -59
-2418 -2780 -1567; 50 -49 -59
-2430 -2800 -1556; 55 -45 -58
-2427 -2813 -1572; 59 -41 -56
-2408 -2830 -1568; 58 -38 -54
-2417 -2833 -1557; 61 -33 -53
-2424 -2829 -1558; 75 -28 -50
-2426 -2809 -1569; 88 -24 -48
-2417 -2796 -1574; 85 -22 -46
-2416 -2790 -1575; 75 -20 -44
-2392 -2799 -1596; 71 -17 -41
-2381 -2782 -1580; 74 -16 -39
-2388 -2791 -1586; 79 -16 -38
-2376 -2805 -1597; 82 -15 -35
-2386 -2784 -1574; 70 -15 -34
-2389 -2783 -1578; 64 -16 -32
-2408 -2776 -1557; 62 -16 -30
-2383 -2784 -1559; 58 -17 -31
-2404 -2791 -1555; 51 -17 -29
-2382 -2805 -1563; 42 -17 -27
-2342 -2839 -1582; 34 -22 -24
-2370 -2858 -1568; 25 -24 -22
-2392 -2859 -1572; 16 -28 -19
-2424 -2865 -1542; 5 -33 -18
-2434 -2882 -1550; -9 -40 -13
-2511 -2934 -1587; -44 -49 -12
-2545 -2987 -1593; -145 -65 -14
-2499 -3035 -1701; -298 -85 -18
-2507 -3103 -1806; -428 -111 -19
-2463 -3355 -1837; -508 -146 -25
-2397 -3479 -2003; -580 -192 -30
-2390 -3635 -2278; -648 -248 -39
-2302 -3724 -2436; -615 -317 -53
-2220 -3740 -2611; -450 -385 -69
-2338 -3851 -2780; -183 -465 -95
-2415 -3984 -2806; 143 -561 -129
-2443 -4007 -2970; 519 -646 -167
-2428 -3947 -2861; 875 -741 -216
-2493 -3809 -2662; 1135 -832 -280
-2714 -3605 -2697; 1351 -898 -349
-2700 -3509 -2206; 1520 -969 -434
-2535 -3452 -1727; 1619 -1021 -536
-2471 -3364 -1188; 1699 -1017 -649
-2686 -3379 -631; 1817 -988 -779
-2580 -3226 -240; 1930 -958 -920
-2224 -3299 530; 2028 -933 -1072
-2530 -3244 1707; 2044 -842 -1226
-2331 -3213 1231; 2026 -495 -1381
-2484 -3100 1547; 2010 -267 -1553
-2098 -3181 1961; 1943 -56 -1730
-1927 -3404 1856; 1657 203 -1909
-1639 -3641 1659; 1180 468 -2080
-1181 -4102 1459; 670 729 -2233
-816 -4516 986; 387 1018 -2352
-677 -4730 451; 430 1308 -2428
-494 -4865 174; 662 1537 -2486
-210 -4846 -205; 899 1738 -2528
-18 -4724 -548; 1080 1909 -2557
-22 -4566 -781; 1133 2033 -2582
-107 -4383 -1009; 1029 2121 -2596
-57 -4173 -1269; 771 2184 -2600
51 -4037 -1368; 398 2205 -2596
202 -3924 -1598; 0 2203 -2581
403 -3905 -1807; -258 2200 -2555
520 -3869 -2023; -337 2184 -2521
433 -3860 -2180; -289 2133 -2490
298 -3792 -2235; -187 2037 -2464
217 -3636 -2241; -65 1936 -2438
86 -3547 -2244; 58 1828 -2422
43 -3383 -2191; 151 1708 -2408
51 -3214 -2242; 150 1575 -2397
93 -3211 -2287; 60 1439 -2392
159 -3073 -2240; -35 1288 -2381
157 -3047 -2078; -146 1128 -2367
170 -3077 -2019; -251 976 -2356
133 -2999 -1987; -364 835 -2335
142 -2907 -1911; -499 694 -2313
141 -2820 -1824; -667 554 -2292
184 -2712 -1778; -763 425 -2259
277 -2688 -1733; -803 300 -2226
346 -2718 -1739; -846 175 -2196
395 -2688 -1755; -906 58 -2157
441 -2724 -1664; -962 -55 -2115
496 -2691 -1621; -1038 -165 -2070
510 -2585 -1631; -1190 -273 -2026
555 -2482 -1553; -1348 -377 -1980
641 -2413 -1554; -1388 -466 -1926
741 -2396 -1611; -1403 -554 -1874
812 -2420 -1686; -1415 -641 -1822
916 -2358 -1772; -1403 -724 -1764
972 -2355 -1785; -1377 -809 -1702
1047 -2322 -1830; -1388 -896 -1641
1110 -2289 -1882; -1406 -981 -1573
1144 -2256 -1946; -1431 -1060 -1501
1286 -2270 -2087; -1560 -1138 -1432
1353 -2371 -2249; -1736 -1240 -1359
1495 -2482 -2468; -1841 -1329 -1266
1554 -2410 -2542; -2027 -1411 -1164
1528 -2502 -2343; -2340 -1515 -1073
1608 -2723 -2210; -2475 -1598 -987
1649 -2670 -2287; -2421 -1634 -887
1567 -2995 -2137; -2330 -1675 -788
1536 -3424 -1914; -2279 -1722 -671
1518 -3668 -1807; -2150 -1750 -508
1529 -3569 -1731; -1922 -1768 -315
1598 -3913 -1832; -1715 -1784 -135
1604 -4253 -1863; -1496 -1801 52
1564 -4276 -1789; -1186 -1817 283
1559 -4259 -1926; -799 -1819 530
1610 -4246 -2059; -365 -1818 782
1662 -4033 -2214; -21 -1818 1042
1669 -3968 -2415; 286 -1811 1296
1608 -3887 -2574; 578 -1801 1546
1584 -3844 -2662; 848 -1796 1792
1595 -3865 -2804; 1104 -1785 2028
1662 -3805 -2988; 1324 -1772 2255
1913 -3687 -3256; 1542 -1751 2474
1961 -3505 -3442; 1652 -1723 2671
1669 -3524 -3294; 1650 -1700 2851
1326 -3415 -3197; 1587 -1694 3019
1199 -3506 -3240; 1578 -1680 3167
1172 -3644 -3188; 1643 -1655 3296
1084 -3515 -3384; 1686 -1623 3426
887 -3565 -3339; 1621 -1604 3515
795 -3755 -3480; 1482 -1599 3581
823 -3577 -3556; 1496 -1583 3643
420 -3065 -3241; 1675 -1552 3662
-180 -3465 -2971; 1774 -1508 3603
-427 -5066 -3813; 1788 -1447 3552
-852 -2092 -3435; 1844 -1434 3706
-1024 -2060 -2919; 2028 -1420 3732
-1084 -3724 -3623; 1889 -1388 3493
-1483 -2004 -3042; 1640 -1384 3445
-1580 -2104 -2887; 1564 -1365 3314
-1909 -2845 -2858; 1516 -1341 3014
-2334 -1691 -2119; 1537 -1326 2853
-2549 -1346 -2108; 1526 -1224 2686
-2374 -814 -2409; 1440 -1114 2513
-2577 -617 -2073; 1572 -1166 2222
-2421 -666 -1916; 1772 -1175 1855
-2222 -1022 -1600; 2007 -1227 1346
-2218 -1230 -1438; 2327 -1244 988
-2441 -1879 -1315; 2574 -1213 696
-2586 -1803 -891; 2392 -1180 533
-2684 -1858 -864; 1687 -1081 437
-2839 -1958 -778; 661 -988 318
-2982 -2189 -917; -395 -1016 94
-3259 -3072 20; -1030 -1153 -137
-3197 -3306 35; -1223 -1040 -177
-2995 -3385 -916; -1019 -722 -236
-2902 -3558 -1159; -605 -614 -324
-2795 -3709 -1053; -249 -627 -413
-2714 -3629 -1433; -91 -561 -448
-2665 -3643 -1346; -67 -500 -472
-2563 -3758 -1132; -112 -463 -493
-2498 -3717 -1051; -137 -404 -497
-2496 -3666 -839; -110 -350 -491
-2491 -3697 -715; -73 -298 -485
-2443 -3561 -764; -4 -237 -468
-2452 -3515 -805; 109 -181 -450
-2433 -3475 -981; 187 -134 -435
-2374 -3374 -1150; 200 -94 -415
-2366 -3359 -1241; 172 -66 -401
-2389 -3212 -1354; 149 -45 -388
-2387 -3107 -1369; 160 -28 -373
-2348 -3057 -1390; 133 -22 -365
-2280 -2992 -1391; 38 -22 -357
-2276 -2960 -1376; -68 -21 -355
-2305 -2941 -1364; -144 -23 -353
-2332 -2927 -1287; -192 -26 -354
-2371 -2915 -1317; -164 -22 -355
-2339 -2907 -1304; -72 -21 -353
-2335 -2901 -1298; 0 -22 -355
-2349 -2901 -1297; 46 -20 -356
-2383 -2887 -1282; 74 -21 -356
-2373 -2899 -1235; 64 -25 -359
-2388 -2884 -1217; 17 -29 -361
-2419 -2886 -1183; -62 -31 -359
-2446 -2903 -1172; -158 -36 -359
-2455 -2935 -1135; -231 -39 -358
-2483 -2974 -1158; -247 -38 -351
-2449 -3065 -1189; -220 -38 -345
-2377 -3088 -1257; -159 -40 -334
-2338 -3086 -1310; -99 -40 -319
-2355 -3117 -1273; -61 -44 -309
-2331 -3074 -1271; -55 -50 -295
-2345 -3107 -1247; -60 -57 -280
-2368 -3133 -1199; -63 -63 -265
-2378 -3133 -1181; -78 -67 -249
-2380 -3134 -1162; -87 -71 -232
-2373 -3148 -1129; -89 -75 -216
-2375 -3164 -1182; -82 -77 -199
-2367 -3161 -1188; -50 -76 -182
-2350 -3157 -1177; -2 -78 -167
-2342 -3135 -1199; 44 -78 -152
-2314 -3111 -1136; 73 -79 -136
-2322 -3102 -1136; 79 -79 -122
-2326 -3037 -1101; 55 -78 -111
-2303 -3032 -1068; 16 -77 -101
-2269 -3013 -1071; 0 -74 -93
-2309 -2983 -1022; 20 -68 -83
-2328 -3018 -1034; 42 -62 -78
-2320 -3038 -1017; 54 -55 -72
-2311 -3090 -994; 71 -47 -64
-2303 -3108 -1002; 99 -38 -57
-2261 -3084 -1035; 135 -29 -49
-2296 -3118 -1083; 169 -19 -43
-2329 -3102 -1086; 199 -11 -35
-2326 -3075 -1085; 201 -5 -27
-2308 -3079 -1101; 159 -1 -23
-2275 -3083 -1101; 111 -1 -17
-2246 -3093 -1121; 87 5 -14
-2274 -3103 -1047; 95 9 -9
-2281 -3099 -1085; 133 14 -4
-2289 -3104 -1060; 189 24 -1
-2284 -3093 -1030; 236 27 3
-2282 -3107 -1055; 251 37 6
-2280 -3098 -1015; 236 42 9
-2283 -3073 -1012; 199 46 9
-2302 -3055 -1030; 157 51 8
-2295 -3071 -1022; 117 56 7
-2295 -3060 -1060; 93 60 6
-2287 -3068 -1056; 105 67 4
-2312 -3065 -1066; 130 74 2
-2329 -3061 -1066; 142 77 1
-2340 -3040 -1068; 148 80 -1
-2339 -3039 -1086; 145 82 -4
-2285 -3031 -1114; 137 82 -8
-2262 -3019 -1156; 120 78 -11
-2257 -3004 -1182; 100 76 -16
-2259 -3018 -1163; 84 75 -21
-2286 -3048 -1195; 82 69 -26
-2294 -3043 -1164; 89 64 -30
-2305 -3044 -1152; 96 58 -33
-2318 -3065 -1160; 108 57 -37
-2319 -3068 -1138; 111 51 -39
-2303 -3078 -1138; 101 47 -43
-2356 -3060 -1139; 86 45 -45
-2342 -3081 -1114; 64 37 -47
-2303 -3080 -1103; 54 37 -51
-2306 -3100 -1121; 70 38 -53
-2310 -3107 -1090; 92 33 -54
-2326 -3100 -1104; 110 33 -57
-2345 -3066 -1112; 123 36 -57
-2334 -3057 -1120; 123 30 -58
-2323 -3036 -1168; 113 28 -59
-2295 -3065 -1167; 106 24 -60
-2271 -3078 -1192; 92 21 -62
-2288 -3066 -1176; 84 17 -63
-2314 -3071 -1117; 103 13 -64
-2371 -3094 -1101; 127 11 -64
-2349 -3051 -1103; 139 11 -64
-2329 -3071 -1100; 122 10 -67
-2310 -3053 -1116; 94 8 -66
-2292 -3068 -1115; 70 7 -67
-2287 -3045 -1093; 62 4 -68
-2275 -3024 -1100; 72 6 -70
-2298 -3022 -1064; 98 7 -70
-2305 -3061 -1065; 114 7 -73
-2273 -3041 -1088; 105 11 -74
-2266 -3071 -1073; 83 11 -77
-2268 -3071 -1058; 64 13 -78
-2260 -3099 -1064; 48 14 -78
-2247 -3095 -1050; 50 19 -81
-2258 -3081 -1033; 79 25 -81
-2267 -3134 -1012; 120 32 -82
-2272 -3120 -1021; 136 39 -81
-2247 -3169 -996; 121 44 -82
-2230 -3166 -1041; 102 50 -81
-2199 -3174 -1055; 87 55 -78
-2184 -3182 -1066; 87 59 -75
-2158 -3141 -1057; 99 64 -72
-2230 -3147 -1031; 123 70 -69
-2254 -3149 -1038; 136 76 -66
-2219 -3148 -998; 148 80 -63
-2225 -3155 -1037; 145 84 -61
-2192 -3147 -1092; 119 88 -57
-2172 -3148 -1121; 92 90 -55
-2177 -3164 -1143; 81 89 -52
-2177 -3193 -1149; 85 89 -47
-2182 -3163 -1148; 101 89 -42
-2216 -3179 -1144; 132 88 -39
-2215 -3143 -1148; 150 86 -36
-2224 -3155 -1181; 153 84 -32
-2243 -3132 -1171; 165 83 -28
-2232 -3102 -1195; 151 80 -24
-2190 -3099 -1246; 120 76 -25
-2175 -3065 -1227; 122 72 -22
-2181 -3060 -1247; 147 69 -21
-2193 -3075 -1248; 170 67 -23
-2207 -3053 -1229; 199 64 -22
-2217 -3056 -1197; 224 61 -23
-2250 -3071 -1206; 213 59 -23
-2270 -3047 -1174; 190 57 -24
-2257 -3057 -1223; 166 56 -25
-2223 -3077 -1238; 130 54 -27
-2225 -3084 -1287; 111 55 -28
-2213 -3086 -1270; 108 56 -28
-2213 -3113 -1267; 112 54 -30
-2249 -3123 -1274; 130 55 -30
-2205 -3146 -1287; 153 54 -29
-2170 -3143 -1310; 166 56 -31
-2196 -3127 -1316; 182 56 -32
-2208 -3107 -1310; 227 58 -33
-2193 -3119 -1272; 268 58 -34
-2213 -3081 -1251; 271 60 -38
-2246 -3095 -1230; 217 60 -41
-2223 -3097 -1238; 158 60 -44
-2184 -3114 -1246; 123 60 -47
-2172 -3147 -1271; 115 60 -51
-2175 -3134 -1310; 103 60 -54
-2164 -3146 -1285; 105 59 -57
-2186 -3152 -1288; 135 60 -59
-2214 -3165 -1294; 167 60 -61
-2213 -3177 -1320; 155 56 -63
-2214 -3220 -1317; 110 52 -65
-2232 -3231 -1342; 63 50 -65
-2229 -3257 -1312; 34 45 -67
-2225 -3258 -1289; 19 43 -66
-2180 -3285 -1251; 9 41 -65
-2176 -3290 -1235; 1 39 -64
-2161 -3277 -1180; -19 37 -61
-2203 -3270 -1440; -84 34 -60
-2220 -3282 -1432; -122 29 -58
-2154 -3279 -1361; -33 23 -54
-2107 -3237 -1311; 1 18 -50
-2139 -3250 -1317; 19 10 -46
-2124 -3217 -1338; 58 7 -43
-2120 -3196 -1307; 93 1 -39
-2101 -3163 -1269; 94 -8 -39
-2110 -3169 -1285; 65 -15 -36
-2111 -3165 -1246; 55 -21 -35
-2131 -3152 -1222; 54 -27 -36
-2110 -3155 -1222; 45 -32 -36
-2090 -3128 -1182; 39 -38 -35
-2091 -3144 -1215; 37 -39 -37
-2118 -3156 -1135; 41 -39 -39
-2118 -3133 -1098; 64 -42 -42
-2078 -3090 -1105; 80 -40 -44
-2075 -3089 -1119; 99 -40 -49
-2079 -3058 -1115; 105 -38 -56
-2096 -3035 -1125; 103 -38 -62
-2103 -3061 -1084; 75 -35 -71
-2164 -3072 -1065; 29 -35 -81
-2178 -3078 -1023; 9 -33 -87
-2188 -3115 -999; 18 -28 -95
-2193 -3131 -1011; 18 -21 -102
-2193 -3121 -1043; 16 -15 -108
-2162 -3131 -1127; 18 -13 -113
-2124 -3135 -1133; 21 -11 -118
-2094 -3149 -1156; 22 -10 -122
-2104 -3195 -1156; 14 -8 -126
-2119 -3194 -1137; 0 -10 -128
-2113 -3170 -1114; -10 -10 -131
-2139 -3150 -1070; 1 -8 -133
-2124 -3138 -1035; 22 -8 -133
-2125 -3147 -1107; 39 -4 -137
-2111 -3118 -1126; 41 -2 -137
-2093 -3145 -1124; 35 -2 -140
-2088 -3171 -1153; 17 -3 -143
-2073 -3186 -1144; 7 -6 -143
-2073 -3194 -1149; 15 -5 -143
-2101 -3142 -1105; 24 -5 -145
-2114 -3128 -1099; 28 -6 -145
-2136 -3096 -1106; 35 -4 -145
-2147 -3118 -1149; 35 -4 -146
-2117 -3161 -1176; 30 -5 -148
-2091 -3169 -1222; 34 -4 -149
-2078 -3172 -1236; 58 -5 -148
-2074 -3153 -1208; 69 -6 -148
-2088 -3110 -1242; 72 -6 -147
-2080 -3092 -1179; 69 -8 -146
-2112 -3079 -1128; 57 -7 -146
-2127 -3094 -1147; 51 -2 -147
-2130 -3096 -1105; 58 2 -149
-2087 -3076 -1135; 76 7 -150
-2049 -3058 -1155; 107 12 -148
-2010 -3050 -1200; 141 14 -147
-2005 -2985 -1253; 145 16 -150
-1999 -2968 -1281; 137 16 -153
-2014 -2980 -1255; 109 13 -156
-2027 -2997 -1269; 78 12 -160
-2033 -3031 -1274; 80 13 -162
-2045 -3060 -1287; 105 12 -164
-2048 -3083 -1334; 141 13 -164
-2006 -3099 -1346; 183 10 -165
-1972 -3074 -1385; 201 9 -164
-1987 -3049 -1365; 190 7 -166
-1990 -3014 -1315; 153 2 -168
-1968 -2994 -1242; 119 -2 -169
-1976 -3006 -1231; 100 -2 -172
-1978 -2991 -1223; 83 0 -175
-1952 -2997 -1191; 67 3 -181
-1933 -3029 -1197; 62 8 -186
-1935 -3014 -1197; 58 12 -187
-1912 -3078 -1191; 55 16 -191
-1907 -3043 -1195; 30 20 -196
-1878 -3033 -1189; -2 22 -198
-1869 -3093 -1215; -42 25 -203
-1832 -3090 -1238; -102 26 -207
-1823 -3127 -1255; -146 26 -209
-1786 -3150 -1235; -159 26 -212
-1762 -3130 -1221; -145 25 -215
-1761 -3124 -1231; -73 29 -217
-1784 -3095 -1213; 52 35 -220
-1801 -3003 -1207; 140 41 -224
-1827 -3021 -1183; 107 38 -231
-1830 -3038 -1198; -37 34 -239
-1798 -3089 -1187; -181 32 -246
-1743 -3149 -1164; -271 32 -252
-1835 -3170 -1329; -324 35 -258
-1842 -3122 -1322; -255 39 -263
-1819 -3043 -1369; -196 40 -264
-1827 -3090 -1414; -199 40 -272
-1894 -3085 -1412; -246 37 -280
-1977 -3079 -1415; -296 35 -286
-2085 -3132 -1389; -292 34 -294
-2110 -3140 -1446; -244 34 -298
-2077 -3149 -1467; -157 37 -301
-2006 -3155 -1453; -87 36 -304
-1948 -3175 -1492; -104 37 -306
-1887 -3174 -1465; -146 34 -309
-1894 -3173 -1467; -136 33 -308
-1934 -3160 -1450; -79 34 -308
-1894 -3178 -1406; -27 34 -309
-1832 -3154 -1415; -1 33 -309
-1821 -3212 -1454; 10 31 -310
-1751 -3251 -1519; -7 31 -309
-1713 -3218 -1545; -25 31 -306
-1689 -3238 -1457; -3 27 -304
-1691 -3192 -1433; 37 24 -302
-1625 -3117 -1421; 71 23 -300
-1609 -3080 -1467; 39 22 -302
-1605 -3099 -1472; -63 20 -308
-1614 -3197 -1460; -138 19 -313
-1644 -3294 -1513; -162 20 -316
-1665 -3310 -1517; -137 25 -314
-1719 -3393 -1538; -55 33 -314
-1719 -3410 -1462; 14 38 -313
-1689 -3405 -1532; 21 45 -311
-1684 -3411 -1552; 13 51 -310
-1662 -3430 -1495; 27 54 -308
-1635 -3418 -1600; 26 65 -307
-1592 -3355 -1622; 19 72 -307
-1528 -3330 -1559; 56 78 -310
-1426 -3323 -1551; 109 83 -308
-1384 -3352 -1587; 121 92 -312
-1428 -3395 -1600; 84 100 -316
-1417 -3391 -1582; 84 105 -317
-1353 -3408 -1534; 134 109 -319
-1343 -3387 -1612; 148 118 -319
-1356 -3429 -1624; 139 121 -321
-1354 -3473 -1578; 152 122 -324
-1318 -3435 -1535; 198 125 -321
-1295 -3428 -1499; 240 128 -324
-1299 -3410 -1552; 209 125 -325
-1298 -3439 -1625; 147 124 -328
-1366 -3469 -1607; 80 121 -331
-1401 -3474 -1591; 83 117 -332
-1346 -3486 -1581; 165 113 -332
-1285 -3518 -1583; 262 109 -333
-1169 -3492 -1729; 287 102 -331
-1125 -3512 -1799; 224 91 -332
-1117 -3550 -1710; 171 76 -333
-1115 -3534 -1646; 183 62 -331
-1091 -3499 -1582; 216 51 -328
-1093 -3470 -1574; 233 42 -326
-1101 -3516 -1597; 233 32 -327
-1092 -3550 -1589; 245 26 -325
-1169 -3567 -1561; 256 25 -323
-1230 -3579 -1415; 252 23 -322
-1245 -3580 -1369; 207 22 -319
-1261 -3591 -1309; 110 28 -318
-1284 -3613 -1348; 11 33 -318
-1361 -3597 -1416; -9 43 -313
-1360 -3633 -1521; 118 54 -311
-1267 -3600 -1643; 273 68 -307
-1258 -3543 -1521; 383 81 -304
-1231 -3579 -1236; 448 83 -304
-1157 -3516 -1277; 465 90 -303
-1096 -3498 -1421; 422 99 -302
-1011 -3561 -1418; 340 98 -306
-896 -3578 -1580; 242 100 -305
-861 -3746 -1752; 178 100 -303
-881 -3813 -1705; 180 98 -303
-925 -3768 -1556; 225 100 -296
-902 -3861 -1416; 278 105 -291
-818 -3881 -1473; 309 110 -286
-702 -3895 -1610; 319 119 -281
-672 -3970 -1679; 348 125 -279
-701 -3919 -1712; 373 130 -271
-695 -4065 -1694; 352 130 -265
-660 -4148 -1579; 302 131 -264
-622 -4165 -1612; 353 136 -253
-512 -4235 -1608; 480 141 -242
-440 -4240 -1667; 554 145 -232
-353 -4156 -1686; 528 147 -222
-335 -4133 -1685; 422 147 -215
-359 -4086 -1488; 392 152 -206
-425 -4031 -1303; 438 161 -198
-526 -4063 -1277; 401 174 -195
-552 -4066 -1263; 304 187 -190
-520 -4123 -1318; 229 201 -186
-576 -4084 -1376; 163 218 -183
-582 -4023 -1389; 112 232 -177
-630 -4152 -1593; 18 242 -176
-630 -4346 -1828; -180 255 -163
-613 -4494 -1869; -198 258 -157
-566 -4500 -1812; -226 263 -144
-479 -4468 -1713; -241 269 -130
-362 -4341 -1627; -216 280 -119
-252 -4103 -1552; -111 295 -104
-132 -4004 -1462; -68 307 -99
2 -3978 -1462; -95 320 -99
45 -3891 -1390; -65 334 -93
80 -3870 -1194; 58 351 -95
84 -3760 -1146; 103 368 -99
103 -3684 -998; 16 383 -105
142 -3608 -811; -14 404 -111
153 -3549 -765; 39 430 -117
173 -3529 -763; 44 458 -127
324 -3361 -985; -28 481 -137
362 -3547 -1150; -75 495 -145
380 -3823 -861; -123 500 -150
307 -3920 -1249; -85 534 -144
110 -3926 -799; 0 531 -138
-21 -3957 -1052; -8 536 -132
-229 -3844 -1198; -29 552 -115
-379 -3685 -921; -11 537 -103
-465 -3653 -1020; -57 534 -96
-486 -3601 -1124; -138 530 -86
-336 -3745 -1338; -178 515 -71
-81 -4071 -1652; -176 509 -58
-181 -4177 -1524; -122 491 -36
-233 -4304 -1633; -106 467 -6
-126 -4147 -1856; -63 455 25
-53 -3869 -1695; -98 432 58
-60 -3687 -1513; -284 406 86
-140 -3448 -1536; -481 391 109
-173 -3436 -1545; -457 381 124
-230 -3387 -1615; -175 376 142
-178 -3422 -1640; 189 377 159
-90 -3526 -1627; 404 369 167
-113 -3526 -1578; 412 354 176
-173 -3600 -1549; 335 334 187
-213 -3663 -1516; 239 310 199
-220 -3714 -1473; 215 290 214
-272 -3824 -1450; 278 276 228
-302 -3918 -1413; 253 252 242
-293 -3845 -1415; 79 227 260
-317 -3921 -1333; -74 202 274
-376 -4165 -1322; -128 180 286
-412 -4431 -1451; -227 156 296
-417 -4688 -1586; -442 123 300
-473 -5154 -1848; -583 90 287
-440 -5051 -2047; -606 68 280
-332 -4666 -2054; -576 43 269
-239 -4313 -1946; -554 15 231
-255 -3804 -1775; -547 -7 185
-222 -3433 -1773; -530 -18 127
-183 -3135 -1828; -482 -18 61
-187 -3033 -1805; -394 -21 -2
-221 -3063 -1884; -297 -13 -58
-282 -3039 -1860; -254 -8 -101
-348 -3125 -1697; -290 -7 -136
-446 -3010 -1670; -358 -3 -162
-460 -2964 -1641; -380 9 -179
-503 -3033 -1675; -306 24 -194
-538 -2984 -1605; -262 36 -204
-517 -3092 -1672; -227 52 -211
-506 -3269 -1764; -186 70 -219
-483 -3377 -1660; -120 82 -225
-500 -3663 -1939; 46 103 -228
-370 -3657 -1950; -40 115 -228
-385 -3527 -1939; -148 114 -228
-341 -3556 -2014; -121 125 -230
-315 -3567 -1900; -61 136 -231
-329 -3588 -1792; -14 144 -232
-323 -3624 -1785; 63 157 -230
-304 -3716 -1808; 156 167 -223
-297 -3788 -1779; 242 173 -217
-118 -3598 -1718; 290 182 -208
-27 -3375 -1714; 489 184 -198
-212 -4063 -2360; 714 187 -193
155 -4452 -2291; 643 176 -187
101 -4050 -2145; 452 142 -161
-59 -3904 -1929; 333 111 -148
-64 -3712 -1824; 329 88 -129
-21 -3799 -1855; 340 67 -111
-78 -3835 -1766; 278 38 -104
-156 -3701 -1852; 174 13 -87
-160 -3644 -1800; 133 -12 -74
-125 -3659 -1736; 105 -37 -67
-131 -3612 -1832; -7 -61 -58
-135 -3683 -1858; -182 -87 -57
-165 -3724 -1887; -326 -108 -57
-150 -3673 -1884; -369 -119 -54
-145 -3691 -1889; -368 -121 -57
-144 -3590 -1944; -423 -127 -59
-159 -3568 -1939; -530 -134 -63
-125 -3541 -2034; -600 -126 -68
-171 -3469 -2040; -571 -120 -73
-197 -3336 -2146; -462 -109 -75
-182 -3298 -2140; -345 -95 -81
-132 -3322 -2015; -306 -85 -89
-164 -3315 -2199; -399 -74 -96
-238 -3322 -2284; -405 -68 -101
-247 -3432 -2369; -280 -57 -106
-204 -3454 -2229; -150 -46 -108
-276 -3524 -2022; -92 -43 -109
-288 -3616 -2002; -89 -37 -109
-280 -3680 -1895; -92 -31 -101
-309 -3651 -2029; -136 -25 -92
-237 -3552 -2141; -215 -24 -83
-153 -3498 -2214; -226 -28 -74
-78 -3440 -2332; -135 -26 -62
-81 -3448 -2254; 1 -33 -54
-107 -3419 -2196; 126 -40 -46
-114 -3521 -2093; 246 -43 -35
-88 -3692 -1930; 327 -47 -25
-121 -3686 -1912; 314 -50 -11
-297 -3199 -1656; 199 -55 1
-367 -3559 -340; 144 -47 -5
-563 -4352 -284; 117 28 2
-369 -3966 -1574; -125 28 10
-325 -3854 -2302; -562 39 2
-271 -3373 -2488; -833 55 3
-169 -3125 -2360; -826 55 1
-67 -3155 -2446; -731 60 -14
-18 -3272 -2380; -623 52 -29
10 -3320 -2435; -548 41 -37
96 -3418 -2566; -498 28 -41
126 -3464 -2478; -471 3 -38
28 -3415 -2513; -468 -24 -29
-86 -2576 -2383; -524 -46 -21
139 -3138 -1988; -679 -77 -47
197 -3339 -2303; -899 -99 -45
133 -3873 -2299; -1060 -115 -48
-58 -3701 -2415; -1012 -126 -37
-247 -2936 -2055; -1520 -154 -33
62 -2795 -2845; -1762 -134 -31
-149 -2841 -2506; -1832 -141 -46
47 -2418 -3416; -1699 -125 -49
-227 -2273 -3166; -1502 -129 -65
-342 -2285 -3111; -1214 -131 -83
-347 -2593 -2939; -956 -116 -97
-394 -2759 -2926; -778 -105 -101
-377 -2888 -3307; -715 -97 -108
-292 -2863 -3137; -760 -113 -118
-269 -2532 -3219; -762 -135 -127
-135 -2324 -3334; -560 -85 -104
-177 -2402 -3176; -363 -98 -118
-232 -2622 -2576; -267 -158 -139
-198 -2652 -3129; -179 -90 -109
-205 -2759 -3188; -149 -42 -97
-187 -2750 -3139; -98 -40 -89
-177 -2712 -3162; 2 -44 -77
-231 -2734 -3085; 86 -41 -67
-172 -2739 -3232; 85 -48 -57
-234 -2595 -2976; 39 -63 -48
-233 -2905 -3247; -6 -65 -37
-208 -2689 -2998; -27 -81 -24
-122 -2633 -3305; -40 -94 -11
-86 -2575 -3341; -53 -103 -7
68 -2695 -2798; -36 -108 1
-27 -2531 -3296; -169 -82 14
-13 -2706 -3095; -327 -106 6
-321 -2565 -3149; -529 -188 -3
-261 -2553 -2798; -555 -152 1
-326 -2503 -2966; -565 -127 -6
-477 -2342 -3203; -631 -115 -19
-225 -2416 -3023; -514 -108 -31
-296 -2178 -3292; -241 -91 -39
-68 -2312 -3283; -74 -59 -49
309 -2177 -3125; -116 -56 -59
-972 -2024 -3222; -243 -14 -77
-415 -1939 -4058; -131 80 -80
191 -2646 -2971; -5 112 -85
-481 -2278 -3294; -208 -33 -100
-366 -2632 -2998; -240 -54 -104
272 -2586 -3254; -137 92 -95
-337 -2269 -3853; 115 47 -91
111 -2302 -3800; 452 11 -93
-348 -2561 -2831; 343 -114 -103
62 -2392 -3458; 196 -177 -70
-48 -2725 -2980; 81 2 -73
-162 -2535 -3436; -223 -7 -73
-137 -2571 -3346; -344 -17 -63
-210 -2489 -3275; -630 -122 -73
-75 -2429 -3246; -902 -163 -73
-91 -2287 -3326; -1181 -165 -71
-122 -2313 -3363; -1466 -165 -76
-178 -2283 -3476; -1730 -159 -88
-228 -2098 -3579; -2077 -199 -102
-225 -1845 -3661; -2423 -234 -119
-168 -1567 -3790; -2453 -226 -132
-57 -1514 -3794; -2027 -191 -149
-75 -1760 -3634; -1444 -187 -167
-38 -1700 -3644; -1248 -181 -171
-355 -1749 -3516; -1285 -190 -183
-69 -1857 -3599; -1264 -178 -174
-471 -1716 -3688; -1220 -125 -129
-368 -1886 -3805; -1168 -41 6
-666 -1024 -3607; -986 9 176
-507 -546 -4758; -748 -79 173
-363 -1275 -3789; -239 -140 126
-251 -1016 -3792; 70 -178 90
-308 -1199 -3945; -72 -178 65
462 -1213 -3665; -241 -147 7
-431 -1029 -3469; -204 -100 -3
-172 -1584 -3649; -152 -46 0
-218 -1259 -3673; -358 -29 23
-658 -1458 -3748; -304 -15 27
-267 -1158 -3863; -281 -4 31
-1636 -1722 -3377; -91 5 36
-1435 -1680 -3473; -309 10 49
-238 -1181 -3859; -166 7 54
-229 -1157 -3883; 207 11 47
-191 -1207 -3903; 220 19 35
-195 -1187 -3966; 220 22 27
-252 -1282 -3949; 238 16 25
-262 -1422 -3888; 221 4 22
-254 -1353 -3910; 135 -2 21
-221 -1314 -3899; 37 -8 12
-197 -1205 -4011; 36 -8 2
-246 -1285 -3962; 72 -13 -3
-279 -1281 -3959; 40 -23 -6
-255 -1294 -3899; -35 -35 -5
-240 -1301 -3796; -72 -48 -10
-203 -1178 -3871; -93 -49 -19
-249 -1271 -3847; -141 -51 -32
-4553 -4693 -1569; -336 -45 -42
-265 -995 -3506; -1381 -44 8
561 -956 -3933; -1639 -87 -45
262 -1152 -3985; -1098 -74 -76
-283 -1189 -4160; -747 -58 -89
-418 -1158 -4032; -729 -73 -96
137 -811 -4069; -699 -89 -88
-456 -949 -3978; -553 -73 -85
-101 -817 -3975; -373 -59 -92
-90 -714 -4146; -255 -64 -96
536 -598 -4186; -207 -66 -92
-237 -882 -4098; 22 -58 -89
-298 -877 -4057; 137 -61 -81
-174 -773 -4043; 80 -73 -76
-553 -863 -3972; -25 -84 -76
122 -716 -4072; -134 -91 -78
-168 -868 -4055; -57 -78 -77
-180 -897 -4048; 35 -79 -75
-314 -937 -3994; 71 -80 -71
-132 -784 -4002; -56 -92 -69
-295 -922 -3948; -48 -94 -72
-65 -719 -4021; -104 -86 -70
-330 -830 -4022; -162 -82 -71
-150 -807 -4058; -105 -86 -68
-215 -800 -4051; 58 -85 -65
-229 -833 -3995; 102 -83 -61
-298 -834 -3922; 77 -82 -58
-491 -936 -3901; -21 -83 -53
-456 -858 -3909; -302 -95 -56
-4 -679 -3977; -474 -100 -60
-115 -826 -3958; -437 -85 -56
-147 -787 -4035; -211 -62 -50
-478 -837 -3942; -307 -58 -52
-271 -723 -4024; -399 -60 -50
84 -509 -4155; -349 -58 -43
-753 -775 -3968; -386 -64 -42
-260 -599 -4073; -362 -60 -44
77 -448 -4225; -198 -53 -47
-572 -690 -4035; -202 -60 -47
-196 -576 -3995; -190 -64 -46
-201 -571 -4034; 9 -57 -51
-204 -612 -4026; 14 -53 -57
-324 -650 -4005; -37 -47 -62
-58 -447 -4178; -200 -42 -65
299 -318 -4364; -422 -42 -74
-214 -529 -4160; -216 -56 -76
-217 -526 -4114; -41 -64 -76
-235 -486 -4073; -4 -64 -80
-239 -451 -4040; 24 -62 -82
-235 -513 -4014; 50 -57 -87
-221 -543 -4047; 52 -52 -90
-226 -567 -4070; 23 -41 -92
-229 -556 -4077; -6 -34 -91
-224 -534 -4078; -15 -35 -86
-220 -535 -4066; -6 -41 -82
-209 -516 -4054; 1 -48 -77
-217 -528 -4085; 5 -47 -76
-199 -549 -4087; 16 -46 -74
-202 -587 -4077; 14 -49 -71
-212 -531 -4082; -9 -52 -69
-197 -526 -4074; -27 -57 -68
-202 -494 -4055; -33 -61 -65
-200 -538 -4057; -34 -63 -65
-228 -492 -4024; -37 -61 -62
-196 -523 -4113; -53 -54 -57
-231 -486 -4111; -41 -56 -56
-221 -479 -4110; -40 -63 -55
-212 -473 -4064; -19 -65 -52
-201 -475 -4056; 1 -62 -53
-223 -448 -4025; 13 -59 -50
-231 -449 -4030; 20 -56 -50
-197 -436 -4057; 23 -55 -50
-184 -440 -4070; 34 -50 -51
-187 -472 -4072; 54 -48 -50
-204 -467 -4047; 56 -46 -51
-189 -456 -4068; 43 -47 -54
-188 -469 -4065; 36 -44 -57
-196 -447 -4045; 37 -41 -57
-207 -430 -4058; 39 -36 -59
-214 -444 -4070; 35 -32 -61
-205 -470 -4077; 24 -35 -59
-174 -485 -4111; 9 -35 -58
-176 -464 -4109; -2 -37 -58
-176 -455 -4109; 5 -42 -58
-174 -463 -4071; 24 -46 -57
-186 -480 -4047; 20 -48 -56
-179 -468 -4089; 5 -48 -56
-178 -455 -4079; -8 -48 -56
-192 -449 -4100; 0 -51 -54
-191 -445 -4117; 12 -52 -54
-203 -438 -4089; 23 -54 -56
-179 -424 -4080; 40 -57 -56
-181 -409 -4078; 49 -56 -56
-181 -435 -4089; 50 -56 -56
-167 -443 -4070; 50 -57 -55
-172 -433 -4068; 48 -55 -56
-192 -465 -4073; 42 -55 -57
-212 -434 -4072; 26 -54 -56
-197 -437 -4087; 6 -54 -56
-182 -439 -4114; -4 -53 -57
-195 -458 -4109; -4 -56 -56
-179 -430 -4104; -10 -58 -55
-165 -458 -4109; -15 -57 -54
-199 -425 -4082; -16 -60 -52
-202 -425 -4077; -12 -62 -51
-204 -441 -4106; -13 -62 -51
-187 -411 -4094; -9 -63 -49
-195 -403 -4076; 1 -63 -47
-205 -429 -4068; 11 -61 -48
-194 -420 -4097; 13 -61 -47
-195 -399 -4098; 5 -62 -46
-186 -362 -4082; 6 -62 -48
-168 -378 -4047; 17 -62 -50
-169 -377 -4033; 23 -61 -52
-150 -386 -4047; 20 -59 -56
-145 -389 -4056; 19 -57 -59
-151 -407 -4075; 26 -55 -60
-180 -385 -4098; 31 -54 -64
-175 -399 -4116; 35 -54 -65
-186 -383 -4089; 49 -55 -64
-119 -399 -4019; 59 -49 -66
-158 -449 -4077; 63 -52 -67
-167 -402 -4100; 53 -53 -63
-142 -414 -4080; 47 -54 -60
-152 -412 -4072; 53 -53 -58
-155 -408 -4069; 46 -51 -57
-169 -400 -4092; 33 -51 -54
-152 -398 -4117; 33 -53 -54
-175 -404 -4128; 35 -55 -53
-180 -392 -4104; 30 -58 -51
-171 -374 -4091; 23 -63 -51
-172 -379 -4070; 18 -64 -52
-156 -366 -4098; 18 -62 -52
-170 -399 -4088; 22 -62 -52
-184 -369 -4098; 18 -62 -51
-176 -384 -4087; 10 -61 -53
-180 -372 -4089; 1 -61 -55
-165 -380 -4083; -5 -59 -54
-180 -392 -4065; -7 -59 -55
-182 -360 -4065; -8 -58 -55
-161 -355 -4085; -3 -56 -57
-138 -355 -4103; -4 -65 -57
-227 -351 -4117; 20 -67 -60
-193 -364 -4091; 38 -58 -58
-45 -306 -4033; 46 -60 -61
-210 -442 -4103; 62 -61 -64
-255 -351 -4130; 39 -68 -52
-212 -361 -4133; 23 -78 -50
-194 -314 -4101; 34 -81 -50
-199 -362 -4059; 73 -72 -51
-191 -355 -4063; 92 -67 -51
-189 -327 -4038; 97 -61 -54
-170 -418 -4089; 103 -50 -57
-180 -401 -4038; 87 -56 -54
-178 -373 -4063; 69 -57 -56
-182 -379 -4061; 67 -53 -57
-180 -382 -4058; 63 -51 -56
-176 -364 -4094; 64 -48 -60
-177 -386 -4121; 66 -47 -61
-178 -368 -4090; 68 -46 -60
-155 -353 -4093; 66 -47 -61
-133 -341 -4089; 68 -49 -61
-142 -350 -4130; 76 -51 -59
-159 -375 -4144; 84 -55 -58
-151 -384 -4145; 85 -59 -58
-166 -383 -4109; 91 -63 -57
-157 -399 -4085; 98 -65 -56
-164 -399 -4053; 95 -67 -56
-160 -373 -4063; 89 -67 -55
-157 -378 -4066; 95 -66 -56
-167 -373 -4062; 110 -62 -55
-180 -412 -4089; 115 -59 -57
-158 -406 -4098; 104 -61 -55
396 -407 -4106; 92 -60 -56
-58 -282 -4104; 101 -38 -61
-266 -468 -4084; 45 -69 -50
-272 -331 -4133; -2 -68 -36
-149 -388 -4078; 21 -56 -43
-169 -349 -4065; 69 -46 -47
-209 -119 -3995; 127 -43 -57
-224 -629 -4110; 234 -58 -70
-108 -355 -4128; 131 -79 -54
-133 -445 -4081; 132 -63 -54
-149 -413 -4067; 141 -61 -54
-149 -459 -4056; 131 -65 -53
-132 -466 -4080; 108 -63 -53
-161 -437 -4076; 92 -63 -51
-188 -442 -4083; 84 -63 -51
-200 -444 -4081; 84 -62 -52
-193 -441 -4076; 84 -62 -51
-177 -427 -4069; 87 -63 -51
-175 -432 -4061; 88 -61 -51
-170 -448 -4059; 79 -60 -53
-145 -459 -4072; 65 -60 -54
-173 -446 -4063; 53 -59 -56
-165 -438 -4095; 38 -60 -57
-162 -433 -4091; 36 -61 -60
-164 -433 -4064; 47 -60 -61
-78 -505 -4051; 42 -78 -73
-339 -409 -4170; 45 -73 -60
-135 -469 -4102; 30 -72 -52
-127 -428 -4090; 47 -74 -57
-235 -404 -4081; 71 -66 -56
-203 -515 -4070; 99 -59 -58
-152 -449 -4097; 73 -65 -52
-159 -467 -4077; 47 -69 -47
-127 -422 -4045; 41 -72 -48
-158 -403 -4072; 48 -68 -52
-243 -437 -4062; 44 -69 -51
-194 -450 -4133; 43 -57 -49
-197 -451 -4055; 32 -69 -46
-162 -386 -4074; 36 -61 -49
-167 -425 -4020; 61 -49 -57
-135 -442 -4056; 77 -42 -60
-138 -449 -4086; 71 -46 -60
-173 -469 -4142; 54 -53 -58
-167 -440 -4112; 45 -66 -53
-118 -408 -4101; 49 -71 -49
-123 -410 -4073; 61 -69 -51
-158 -418 -4081; 79 -65 -58
-188 -466 -4093; 93 -64 -59
-181 -468 -4086; 88 -63 -55
-173 -466 -4061; 82 -64 -52
-165 -428 -4043; 83 -60 -51
-129 -444 -4057; 89 -56 -53
-165 -468 -4073; 77 -59 -53
-190 -440 -4088; 58 -63 -46
-100 -392 -4088; 51 -58 -45
-98 -530 -4076; 93 -38 -58
-160 -551 -4100; 131 -29 -65
-139 -483 -4092; 78 -49 -54
-129 -475 -4100; 74 -50 -58
-152 -455 -4072; 79 -49 -57
-147 -474 -4076; 76 -50 -58
-134 -487 -4108; 70 -53 -59
-155 -495 -4126; 66 -55 -57
-159 -474 -4089; 58 -59 -55
-143 -480 -4069; 50 -64 -53
-146 -475 -4069; 42 -67 -52
-153 -476 -4066; 39 -69 -51
-162 -480 -4070; 39 -68 -51
-157 -488 -4059; 39 -64 -51
-140 -506 -4168; 34 -67 -55
-331 -428 -3997; 20 -64 -47
-179 -493 -4077; 13 -52 -48
-21 -519 -4090; 11 -65 -52
-54 -437 -4023; 5 -83 -58
-232 -450 -4118; -9 -67 -52
-170 -405 -4060; -11 -60 -47
-99 -419 -4088; -7 -61 -53
-197 -433 -4107; 22 -56 -56
-219 -414 -4098; 45 -53 -54
-173 -461 -4089; 53 -56 -52
-139 -441 -4108; 59 -61 -51
-128 -453 -4083; 67 -64 -51
-139 -424 -4073; 76 -65 -55
-132 -435 -4077; 73 -62 -58
-130 -450 -4091; 69 -64 -60
-167 -460 -4101; 58 -70 -59
-172 -409 -4114; 52 -74 -59
-148 -420 -4079; 66 -74 -60
-157 -435 -4063; 85 -70 -63
-166 -435 -4060; 96 -69 -64
-161 -485 -4057; 93 -68 -63
-161 -470 -4082; 84 -70 -62
-142 -481 -4085; 72 -70 -61
-127 -510 -4063; 59 -69 -57
-117 -419 -4057; 39 -71 -55
-129 -454 -4031; 45 -65 -59
-159 -448 -4056; 57 -57 -61
-178 -458 -4078; 54 -55 -62
-189 -490 -4117; 29 -59 -60
-141 -453 -4102; 27 -60 -60
-158 -433 -4056; 51 -59 -61
-207 -467 -4069; 57 -55 -58
-164 -431 -4075; 27 -58 -52
-186 -137 -4101; 26 -57 -57
-151 -532 -4017; 161 -38 -98
27 -518 -4015; 196 -34 -100
-220 -467 -4142; 82 -57 -71
-187 -462 -4112; 29 -60 -61
-112 -506 -4095; 30 -67 -61
-157 -458 -4084; 30 -67 -54
-177 -440 -4085; 40 -67 -54
-145 -449 -4069; 52 -67 -55
-101 -406 -4053; 53 -71 -53
-168 -430 -4068; 64 -69 -58
-157 -483 -4074; 77 -60 -59
-143 -481 -4064; 71 -60 -58
-146 -455 -4052; 53 -59 -61
-188 -412 -4032; 38 -54 -67
-230 -403 -4109; 6 -47 -81
-93 -395 -4065; 18 -52 -90
-104 -415 -4086; 57 -60 -94
-113 -469 -4061; 73 -62 -80
-163 -432 -4102; 36 -71 -64
-108 -490 -4100; 26 -68 -62
-121 -469 -4050; 31 -60 -66
-163 -481 -4064; 35 -50 -68
-88 -548 -4077; 13 -51 -60
-309 -443 -4122; -41 -61 -44
-201 -450 -4070; -12 -69 -40
-196 -439 -4054; 23 -62 -43
-286 -374 -4086; 50 -52 -43
-841 -48 -4207; 106 -30 -46
-348 -683 -3201; 303 23 -153
103 -478 -4663; 275 -90 -231
-209 -358 -4098; 30 -99 -67
307 -533 -4062; 40 -71 -80
-214 -482 -4161; -34 -51 -86
-441 -482 -4081; -33 -73 -51
-144 -418 -4077; -10 -78 -28
-252 -433 -4048; 21 -43 -15
-15 -389 -4072; 89 -27 -12
103 -519 -3999; 99 -12 -9
-21 -517 -4009; 73 -15 -13
-316 -511 -4125; 10 -21 -27
-2 -525 -4135; -32 -37 -58
-72 -541 -4104; -55 -49 -77
195 -518 -4012; -72 -55 -89
-207 -433 -4081; -86 -43 -100
-360 -446 -4127; -57 -35 -102
-355 -408 -4083; -11 -32 -106
-263 -424 -4095; 40 -25 -108
-316 -436 -4091; 64 -26 -95
-211 -455 -4160; 55 -39 -78
-172 -437 -4109; 44 -49 -69
-125 -413 -4080; 34 -52 -67
-81 -381 -4085; 24 -54 -65
-85 -418 -4073; 26 -52 -61
-105 -440 -4120; 12 -54 -55
-100 -449 -4112; -18 -58 -51
-111 -376 -4110; -34 -62 -42
-77 -348 -4042; -17 -59 -36
-71 -392 -4035; 26 -59 -32
-99 -460 -4131; 37 -68 -29
-96 -449 -4104; 21 -66 -34
-101 -395 -4057; 13 -70 -44
-122 -388 -4052; 18 -67 -55
-169 -393 -4075; 29 -65 -58
-181 -409 -4110; 36 -58 -58
-186 -395 -4157; 44 -44 -53
-167 -404 -4105; 60 -33 -46
-177 -340 -4122; 93 -41 -50
-124 -431 -4090; 140 -40 -53
-132 -366 -4143; 172 -46 -48
-186 -388 -4098; 208 -41 -44
151 -465 -3993; 250 -36 -32
-320 -334 -4115; 251 -33 -43
-161 -490 -4131; 265 -45 -49
-1 -460 -4099; 285 -56 -53
-115 -474 -4132; 299 -50 -51
-99 -568 -4076; 277 -58 -36
-60 -505 -4109; 203 -71 -15
-50 -498 -4048; 169 -68 -10
-17 -583 -4074; 141 -63 -18
-356 -567 -4196; 90 -80 -17
126 -536 -4007; 98 -103 -18
-79 -445 -4105; 106 -91 -33
-86 -502 -4077; 119 -92 -38
-63 -460 -4104; 118 -97 -45
-81 -504 -4087; 125 -93 -50
-106 -503 -4095; 132 -93 -52
-142 -495 -4070; 125 -96 -55
-144 -490 -4068; 136 -96 -59
-171 -502 -4048; 166 -94 -62
-188 -526 -4041; 205 -93 -66
-167 -567 -4055; 238 -86 -69
-167 -602 -4076; 261 -85 -71
-151 -609 -4073; 269 -82 -70
-136 -627 -4064; 260 -84 -68
-119 -603 -4038; 243 -83 -66
-129 -612 -4067; 229 -86 -63
-131 -669 -4091; 215 -83 -62
-143 -644 -4142; 198 -88 -59
-159 -558 -4114; 204 -93 -55
-137 -485 -4102; 288 -103 -61
-117 -512 -4061; 492 -109 -68
-94 -459 -4159; 786 -116 -75
-112 -603 -4073; 1247 -131 -87
-179 -719 -4056; 1566 -112 -92
-182 -649 -3921; 1754 -101 -111
-69 -830 -3946; 1979 -67 -183
65 -1225 -4036; 2163 -40 -253
269 -1309 -3915; 2194 -58 -245
135 -1231 -3705; 2162 -64 -187
-225 -1449 -3790; 2179 -15 -223
-258 -1874 -3677; 1951 -23 -261
-280 -1737 -3682; 1409 -111 -102
-181 -1679 -3705; 1048 -107 -102
-211 -1637 -3737; 845 -100 -83
-144 -1434 -3678; 754 -96 -83
-37 -1682 -3732; 737 -79 -117
-56 -1795 -3715; 788 -78 -103
-41 -1803 -3684; 820 -86 -95
-74 -1918 -3670; 730 -89 -91
-105 -1808 -3653; 693 -86 -91
-146 -1869 -3567; 610 -74 -85
-127 -1887 -3604; 501 -69 -80
-54 -1908 -3674; 424 -63 -73
-241 -1997 -3442; 421 -58 -65
-183 -1860 -3661; 251 -52 -56
-122 -1924 -3614; 152 -57 -59
-112 -1815 -3692; 130 -60 -58
-63 -1832 -3729; 136 -57 -61
-1 -1863 -3570; 162 -61 -65
-55 -1880 -3515; 182 -59 -62
-154 -1806 -3559; 165 -56 -61
-179 -1990 -3536; 115 -56 -68
